#step  PE  KE  vx2 vy2
0 0.000000e+00 1.277103e-03 4.249141e-04 4.260261e-04 4.261627e-04
100 0.000000e+00 1.277103e-03 4.249141e-04 4.260261e-04 4.261627e-04
200 0.000000e+00 1.277103e-03 4.249141e-04 4.260261e-04 4.261627e-04
300 0.000000e+00 1.277103e-03 4.249141e-04 4.260261e-04 4.261627e-04
400 0.000000e+00 1.277103e-03 4.249141e-04 4.260261e-04 4.261627e-04
500 0.000000e+00 1.277103e-03 4.249141e-04 4.260261e-04 4.261627e-04
600 0.000000e+00 1.277103e-03 4.249141e-04 4.260261e-04 4.261627e-04
700 0.000000e+00 1.277103e-03 4.249141e-04 4.260261e-04 4.261627e-04
800 0.000000e+00 1.277103e-03 4.249141e-04 4.260261e-04 4.261627e-04
900 0.000000e+00 1.277103e-03 4.249141e-04 4.260261e-04 4.261627e-04
1000 -6.903125e-02 1.277103e-03 4.249088e-04 4.260175e-04 4.261765e-04
1100 -7.481632e-01 1.277103e-03 4.248559e-04 4.259311e-04 4.263159e-04
1200 -2.089412e+00 1.277103e-03 4.247514e-04 4.257606e-04 4.265908e-04
1300 -4.951237e+00 1.277103e-03 4.245295e-04 4.253982e-04 4.271752e-04
1400 -1.250586e+01 1.277103e-03 4.239976e-04 4.245424e-04 4.285628e-04
1500 -3.255792e+01 1.277103e-03 4.226381e-04 4.223870e-04 4.320777e-04
1600 -5.839211e+01 1.277103e-03 4.212454e-04 4.202744e-04 4.355831e-04
1700 -5.066752e+01 1.277103e-03 4.238423e-04 4.240347e-04 4.292258e-04
1800 -5.036343e+01 1.277103e-03 4.224474e-04 4.219578e-04 4.326977e-04
1900 -2.600520e+01 1.277103e-03 4.195624e-04 4.263120e-04 4.312284e-04
2000 -4.165660e+01 1.277103e-03 4.206233e-04 4.284577e-04 4.280218e-04
2100 -2.342679e+01 1.277103e-03 4.201695e-04 4.297853e-04 4.271480e-04
2200 -1.658123e+01 1.277103e-03 4.206836e-04 4.296483e-04 4.267710e-04
2300 -1.118551e+01 1.277103e-03 4.216178e-04 4.287770e-04 4.267081e-04
2400 -1.102659e+01 1.277103e-03 4.223317e-04 4.273806e-04 4.273905e-04
2500 -7.383949e+00 1.277103e-03 4.230475e-04 4.260240e-04 4.280314e-04
2600 -6.203634e+00 1.277103e-03 4.231457e-04 4.252302e-04 4.287270e-04
2700 -5.393346e+00 1.277103e-03 4.234900e-04 4.244898e-04 4.291231e-04
2800 -5.795243e+00 1.277103e-03 4.236871e-04 4.237939e-04 4.296219e-04
2900 -7.498583e+00 1.277103e-03 4.241337e-04 4.229531e-04 4.300160e-04
3000 -7.897069e+00 1.277103e-03 4.218707e-04 4.234486e-04 4.317835e-04
3100 -1.211754e+01 1.277103e-03 4.212689e-04 4.243964e-04 4.314376e-04
3200 -1.543722e+01 1.277103e-03 4.211664e-04 4.259119e-04 4.300246e-04
3300 -1.740269e+01 1.277103e-03 4.162941e-04 4.282001e-04 4.326087e-04
3400 -1.971172e+01 1.277103e-03 4.224067e-04 4.251941e-04 4.295021e-04
3500 -3.393005e+01 1.277103e-03 4.212533e-04 4.297774e-04 4.260721e-04
3600 -2.307992e+01 1.277103e-03 4.163570e-04 4.303714e-04 4.303745e-04
3700 -4.164232e+01 1.277103e-03 4.207416e-04 4.327062e-04 4.236551e-04
3800 -2.725549e+01 1.277103e-03 4.098462e-04 4.316386e-04 4.356181e-04
3900 -3.959903e+01 1.277103e-03 4.134908e-04 4.319784e-04 4.316336e-04
4000 -3.416822e+01 1.277103e-03 4.142800e-04 4.358557e-04 4.269671e-04
4100 -3.122798e+01 1.277103e-03 4.083140e-04 4.393540e-04 4.294349e-04
4200 -2.095694e+01 1.277103e-03 4.067192e-04 4.401806e-04 4.302031e-04
4300 -1.650754e+01 1.277103e-03 4.051844e-04 4.425857e-04 4.293328e-04
4400 -1.254159e+01 1.277103e-03 4.039668e-04 4.443731e-04 4.287629e-04
4500 -1.119684e+01 1.277103e-03 4.106631e-04 4.375359e-04 4.289039e-04
4600 -1.372095e+01 1.277103e-03 4.096861e-04 4.397855e-04 4.276312e-04
4700 -9.978858e+00 1.277103e-03 4.086728e-04 4.387741e-04 4.296559e-04
4800 -1.330563e+01 1.277103e-03 4.094407e-04 4.378977e-04 4.297644e-04
4900 -1.321083e+01 1.277103e-03 4.091561e-04 4.370598e-04 4.308870e-04
5000 -1.214473e+01 1.277103e-03 4.075177e-04 4.379544e-04 4.316308e-04
5100 -1.395313e+01 1.277103e-03 4.104880e-04 4.362625e-04 4.303523e-04
5200 -1.454723e+01 1.277103e-03 4.102723e-04 4.393434e-04 4.274872e-04
5300 -1.544023e+01 1.277103e-03 4.110087e-04 4.416976e-04 4.243966e-04
5400 -1.695434e+01 1.277103e-03 4.069587e-04 4.450168e-04 4.251274e-04
5500 -1.422328e+01 1.277103e-03 4.091414e-04 4.392077e-04 4.287538e-04
5600 -2.252837e+01 1.277103e-03 4.111340e-04 4.416663e-04 4.243026e-04
5700 -1.669536e+01 1.277103e-03 4.104689e-04 4.413450e-04 4.252889e-04
5800 -2.350444e+01 1.277103e-03 4.072027e-04 4.377697e-04 4.321305e-04
5900 -1.668573e+01 1.277103e-03 4.043238e-04 4.331126e-04 4.396665e-04
6000 -2.403224e+01 1.277103e-03 3.956942e-04 4.371547e-04 4.442539e-04
6100 -2.211448e+01 1.277103e-03 3.979627e-04 4.337976e-04 4.453426e-04
6200 -2.120444e+01 1.277103e-03 3.918716e-04 4.336543e-04 4.515769e-04
6300 -2.122021e+01 1.277103e-03 3.967372e-04 4.305498e-04 4.498159e-04
6400 -2.014224e+01 1.277103e-03 3.993219e-04 4.287289e-04 4.490521e-04
6500 -1.853376e+01 1.277103e-03 4.010394e-04 4.258081e-04 4.502553e-04
6600 -1.826156e+01 1.277103e-03 3.997041e-04 4.267745e-04 4.506243e-04
6700 -1.860710e+01 1.277103e-03 3.978384e-04 4.292524e-04 4.500120e-04
6800 -1.736682e+01 1.277103e-03 3.966420e-04 4.312540e-04 4.492068e-04
6900 -1.797815e+01 1.277103e-03 3.980594e-04 4.254764e-04 4.535671e-04
7000 -1.680480e+01 1.277103e-03 3.962683e-04 4.261550e-04 4.546796e-04
7100 -1.434199e+01 1.277103e-03 4.007078e-04 4.289333e-04 4.474617e-04
7200 -1.611160e+01 1.277103e-03 4.027979e-04 4.301944e-04 4.441105e-04
7300 -1.606794e+01 1.277103e-03 4.042232e-04 4.293049e-04 4.435748e-04
7400 -1.647731e+01 1.277103e-03 4.018682e-04 4.297902e-04 4.454444e-04
7500 -1.601567e+01 1.277103e-03 4.032535e-04 4.334778e-04 4.403716e-04
7600 -1.887505e+01 1.277103e-03 4.021015e-04 4.315489e-04 4.434524e-04
7700 -1.799346e+01 1.277103e-03 4.035836e-04 4.333266e-04 4.401927e-04
7800 -2.144729e+01 1.277103e-03 4.039269e-04 4.352264e-04 4.379496e-04
7900 -1.792743e+01 1.277103e-03 4.046893e-04 4.345560e-04 4.378576e-04
8000 -2.230226e+01 1.277103e-03 4.085613e-04 4.341882e-04 4.343534e-04
8100 -2.026537e+01 1.277103e-03 4.028123e-04 4.333271e-04 4.409635e-04
8200 -2.300122e+01 1.277103e-03 4.029319e-04 4.398469e-04 4.343241e-04
8300 -1.715052e+01 1.277103e-03 4.007324e-04 4.423774e-04 4.339931e-04
8400 -2.144908e+01 1.277103e-03 4.023554e-04 4.398411e-04 4.349064e-04
8500 -1.868214e+01 1.277103e-03 4.055730e-04 4.334259e-04 4.381040e-04
8600 -1.761553e+01 1.277103e-03 4.093936e-04 4.355706e-04 4.321387e-04
8700 -1.721326e+01 1.277103e-03 4.110001e-04 4.356546e-04 4.304481e-04
8800 -1.663080e+01 1.277103e-03 4.089241e-04 4.356429e-04 4.325359e-04
8900 -1.548800e+01 1.277103e-03 4.073868e-04 4.362800e-04 4.334360e-04
9000 -1.588531e+01 1.277103e-03 4.064125e-04 4.351068e-04 4.355836e-04
9100 -1.572979e+01 1.277103e-03 4.077841e-04 4.349741e-04 4.343446e-04
9200 -1.651802e+01 1.277103e-03 4.070413e-04 4.356860e-04 4.343756e-04
9300 -1.431441e+01 1.277103e-03 4.060941e-04 4.359734e-04 4.350353e-04
9400 -1.656768e+01 1.277103e-03 4.076737e-04 4.326961e-04 4.367330e-04
9500 -1.866514e+01 1.277103e-03 4.065656e-04 4.307440e-04 4.397933e-04
9600 -1.826428e+01 1.277103e-03 4.058631e-04 4.339816e-04 4.372582e-04
9700 -1.749851e+01 1.277103e-03 4.064040e-04 4.388914e-04 4.318075e-04
9800 -1.838532e+01 1.277103e-03 4.085253e-04 4.338515e-04 4.347261e-04
9900 -2.003072e+01 1.277103e-03 4.033250e-04 4.341308e-04 4.396471e-04
