#step  PE  KE  vx2 vy2 vz2
0 -1.790901e+01 1.275631e-03 4.032958e-04 4.365487e-04 4.357867e-04
100 -1.947720e+01 1.278914e-03 4.030873e-04 4.458798e-04 4.299470e-04
200 -1.817551e+01 1.276190e-03 4.024979e-04 4.495368e-04 4.241554e-04
300 -1.831884e+01 1.276490e-03 4.037890e-04 4.471542e-04 4.255470e-04
400 -1.807084e+01 1.275967e-03 4.069426e-04 4.468720e-04 4.221527e-04
500 -1.878314e+01 1.277458e-03 4.045023e-04 4.502880e-04 4.226681e-04
600 -1.540227e+01 1.270381e-03 4.018167e-04 4.475007e-04 4.210640e-04
700 -1.825870e+01 1.276361e-03 4.030357e-04 4.506777e-04 4.226473e-04
800 -1.575041e+01 1.271108e-03 4.078387e-04 4.465043e-04 4.167649e-04
900 -1.693387e+01 1.273588e-03 4.154750e-04 4.468323e-04 4.112802e-04
1000 -1.753895e+01 1.274853e-03 4.169077e-04 4.486386e-04 4.093071e-04
1100 -1.575624e+01 1.271130e-03 4.106045e-04 4.503148e-04 4.102102e-04
1200 -1.645056e+01 1.272583e-03 4.099420e-04 4.520630e-04 4.105778e-04
1300 -1.324978e+01 1.265883e-03 4.070144e-04 4.501393e-04 4.087290e-04
1400 -1.524143e+01 1.270052e-03 4.081947e-04 4.515492e-04 4.103077e-04
1500 -1.253144e+01 1.264378e-03 4.090225e-04 4.482980e-04 4.070577e-04
1600 -1.305178e+01 1.265468e-03 4.129161e-04 4.482221e-04 4.043294e-04
1700 -1.284260e+01 1.265029e-03 4.098000e-04 4.509001e-04 4.043294e-04
1800 -1.331974e+01 1.266028e-03 4.089733e-04 4.516266e-04 4.054282e-04
1900 -1.338687e+01 1.266169e-03 4.080967e-04 4.501428e-04 4.079293e-04
2000 -1.366171e+01 1.266743e-03 4.099942e-04 4.450579e-04 4.116913e-04
2100 -1.473890e+01 1.268998e-03 4.110213e-04 4.457898e-04 4.121872e-04
2200 -1.603920e+01 1.271721e-03 4.146773e-04 4.437976e-04 4.132456e-04
2300 -1.622538e+01 1.272110e-03 4.120903e-04 4.471640e-04 4.128560e-04
2400 -1.642422e+01 1.272527e-03 4.147005e-04 4.390174e-04 4.188090e-04
2500 -1.697541e+01 1.273680e-03 4.150213e-04 4.361615e-04 4.224975e-04
2600 -1.359359e+01 1.266601e-03 4.091195e-04 4.381536e-04 4.193282e-04
2700 -1.696265e+01 1.273654e-03 4.088721e-04 4.359660e-04 4.288162e-04
2800 -1.594817e+01 1.271531e-03 4.119243e-04 4.324011e-04 4.272055e-04
2900 -1.754824e+01 1.274880e-03 4.166084e-04 4.340479e-04 4.242238e-04
3000 -1.501232e+01 1.269572e-03 4.183603e-04 4.321752e-04 4.190362e-04
3100 -1.828758e+01 1.276428e-03 4.197551e-04 4.332958e-04 4.233771e-04
3200 -1.648654e+01 1.272658e-03 4.134985e-04 4.367635e-04 4.223956e-04
3300 -1.349300e+01 1.266391e-03 4.152953e-04 4.292501e-04 4.218458e-04
3400 -1.559403e+01 1.270789e-03 4.191333e-04 4.289804e-04 4.226754e-04
3500 -1.665702e+01 1.273015e-03 4.183177e-04 4.300586e-04 4.246383e-04
3600 -1.810258e+01 1.276041e-03 4.153494e-04 4.333909e-04 4.273004e-04
3700 -1.944738e+01 1.278855e-03 4.193406e-04 4.285946e-04 4.309202e-04
3800 -1.789123e+01 1.275598e-03 4.187619e-04 4.302581e-04 4.265784e-04
3900 -1.988119e+01 1.279764e-03 4.145433e-04 4.293965e-04 4.358241e-04
4000 -1.941473e+01 1.278792e-03 4.160005e-04 4.252243e-04 4.375669e-04
4100 -2.157471e+01 1.283313e-03 4.215062e-04 4.204138e-04 4.413928e-04
4200 -1.803239e+01 1.275897e-03 4.217441e-04 4.123795e-04 4.417739e-04
4300 -1.925787e+01 1.278463e-03 4.247892e-04 4.131270e-04 4.405468e-04
4400 -1.865052e+01 1.277191e-03 4.286403e-04 4.128793e-04 4.356718e-04
4500 -1.674129e+01 1.273195e-03 4.285976e-04 4.069578e-04 4.376393e-04
4600 -1.640969e+01 1.272495e-03 4.274083e-04 4.078074e-04 4.372788e-04
4700 -1.544765e+01 1.270481e-03 4.282095e-04 4.053283e-04 4.369429e-04
4800 -1.533643e+01 1.270249e-03 4.275170e-04 4.075173e-04 4.352143e-04
4900 -1.637458e+01 1.272422e-03 4.272419e-04 4.098752e-04 4.353047e-04
5000 -1.524322e+01 1.270054e-03 4.289074e-04 4.084065e-04 4.327397e-04
5100 -1.513290e+01 1.269823e-03 4.266181e-04 4.080925e-04 4.351124e-04
5200 -1.680076e+01 1.273314e-03 4.204447e-04 4.159985e-04 4.368704e-04
5300 -1.441182e+01 1.268313e-03 4.137379e-04 4.133513e-04 4.412233e-04
5400 -1.842092e+01 1.276705e-03 4.171712e-04 4.196731e-04 4.398607e-04
5500 -1.491556e+01 1.269368e-03 4.148803e-04 4.173348e-04 4.371528e-04
5600 -1.635534e+01 1.272380e-03 4.116290e-04 4.169195e-04 4.438316e-04
5700 -1.808701e+01 1.276006e-03 4.190440e-04 4.143451e-04 4.426169e-04
5800 -1.667556e+01 1.273051e-03 4.205904e-04 4.106033e-04 4.418575e-04
5900 -1.786557e+01 1.275542e-03 4.163501e-04 4.076219e-04 4.515704e-04
6000 -1.527186e+01 1.270113e-03 4.142922e-04 4.048789e-04 4.509420e-04
6100 -1.774174e+01 1.275283e-03 4.114299e-04 4.120971e-04 4.517564e-04
6200 -1.197503e+01 1.263212e-03 4.046112e-04 4.145606e-04 4.440405e-04
6300 -1.896599e+01 1.277845e-03 4.064063e-04 4.244208e-04 4.470183e-04
6400 -1.747187e+01 1.274718e-03 4.054967e-04 4.232290e-04 4.459923e-04
6500 -1.917802e+01 1.278290e-03 4.067877e-04 4.233141e-04 4.481879e-04
6600 -1.979502e+01 1.279581e-03 4.082637e-04 4.196637e-04 4.516536e-04
6700 -1.905903e+01 1.278045e-03 3.965810e-04 4.214888e-04 4.599754e-04
6800 -1.701924e+01 1.273776e-03 4.039769e-04 4.202768e-04 4.495221e-04
6900 -1.751076e+01 1.274806e-03 4.125974e-04 4.207274e-04 4.414813e-04
7000 -1.302064e+01 1.265407e-03 4.117718e-04 4.177949e-04 4.358403e-04
7100 -1.480955e+01 1.269152e-03 4.216837e-04 4.171783e-04 4.302900e-04
7200 -1.341339e+01 1.266229e-03 4.205061e-04 4.158824e-04 4.298403e-04
7300 -1.353551e+01 1.266485e-03 4.209092e-04 4.176392e-04 4.279364e-04
7400 -1.411632e+01 1.267713e-03 4.199121e-04 4.244689e-04 4.233324e-04
7500 -1.467308e+01 1.268879e-03 4.194084e-04 4.244892e-04 4.249815e-04
7600 -1.609853e+01 1.271863e-03 4.233018e-04 4.237965e-04 4.247646e-04
7700 -1.466455e+01 1.268861e-03 4.272081e-04 4.254008e-04 4.162524e-04
7800 -1.939090e+01 1.278756e-03 4.299596e-04 4.292218e-04 4.195743e-04
7900 -1.593919e+01 1.271529e-03 4.261477e-04 4.294114e-04 4.159703e-04
8000 -1.996856e+01 1.279964e-03 4.359162e-04 4.316943e-04 4.123539e-04
8100 -1.906178e+01 1.278067e-03 4.315585e-04 4.343864e-04 4.121220e-04
8200 -1.863874e+01 1.277181e-03 4.299377e-04 4.306768e-04 4.165664e-04
8300 -1.720668e+01 1.274183e-03 4.294508e-04 4.290194e-04 4.157127e-04
8400 -1.869660e+01 1.277302e-03 4.283967e-04 4.237884e-04 4.251169e-04
8500 -1.773383e+01 1.275287e-03 4.270002e-04 4.230695e-04 4.252173e-04
8600 -1.619186e+01 1.272057e-03 4.261595e-04 4.227951e-04 4.231028e-04
8700 -1.574786e+01 1.271129e-03 4.250329e-04 4.236829e-04 4.224128e-04
8800 -1.571014e+01 1.271050e-03 4.259109e-04 4.242399e-04 4.208989e-04
8900 -1.481658e+01 1.269179e-03 4.287943e-04 4.227585e-04 4.176261e-04
9000 -1.363480e+01 1.266704e-03 4.312178e-04 4.130250e-04 4.224614e-04
9100 -1.644257e+01 1.272582e-03 4.381284e-04 4.122115e-04 4.222421e-04
9200 -1.501337e+01 1.269590e-03 4.359567e-04 4.118443e-04 4.217890e-04
9300 -1.592103e+01 1.271487e-03 4.343873e-04 4.139790e-04 4.231209e-04
9400 -1.456540e+01 1.268649e-03 4.321361e-04 4.199279e-04 4.165853e-04
9500 -1.630489e+01 1.272291e-03 4.359583e-04 4.229781e-04 4.133543e-04
9600 -1.613491e+01 1.271935e-03 4.383585e-04 4.206515e-04 4.129248e-04
9700 -1.832579e+01 1.276521e-03 4.401797e-04 4.220964e-04 4.142451e-04
9800 -1.730728e+01 1.274389e-03 4.349223e-04 4.247670e-04 4.147001e-04
9900 -1.729057e+01 1.274354e-03 4.328440e-04 4.176924e-04 4.238174e-04
10000 -1.763785e+01 1.275082e-03 4.352920e-04 4.163681e-04 4.234223e-04
10100 -1.704458e+01 1.273840e-03 4.358679e-04 4.179789e-04 4.199930e-04
10200 -1.781843e+01 1.275460e-03 4.384076e-04 4.200750e-04 4.169771e-04
10300 -2.096828e+01 1.282054e-03 4.379199e-04 4.174275e-04 4.267062e-04
10400 -1.923939e+01 1.278433e-03 4.341437e-04 4.149989e-04 4.292905e-04
10500 -1.884739e+01 1.277613e-03 4.266922e-04 4.142571e-04 4.366636e-04
10600 -1.904503e+01 1.278026e-03 4.255356e-04 4.146109e-04 4.378800e-04
10700 -1.903592e+01 1.278009e-03 4.258461e-04 4.151181e-04 4.370448e-04
10800 -1.796202e+01 1.275762e-03 4.278909e-04 4.103553e-04 4.375157e-04
10900 -1.491671e+01 1.269387e-03 4.257690e-04 4.166047e-04 4.270132e-04
11000 -1.521257e+01 1.270007e-03 4.268901e-04 4.216062e-04 4.215103e-04
11100 -1.322130e+01 1.265838e-03 4.264493e-04 4.151509e-04 4.242380e-04
11200 -1.247345e+01 1.264273e-03 4.285638e-04 4.128270e-04 4.228822e-04
11300 -1.200897e+01 1.263301e-03 4.263663e-04 4.129882e-04 4.239462e-04
11400 -1.287157e+01 1.265106e-03 4.238792e-04 4.115436e-04 4.296831e-04
11500 -1.298047e+01 1.265334e-03 4.242433e-04 4.104025e-04 4.306878e-04
11600 -1.311799e+01 1.265622e-03 4.240193e-04 4.122628e-04 4.293397e-04
11700 -1.356699e+01 1.266562e-03 4.214853e-04 4.131576e-04 4.319188e-04
11800 -1.176802e+01 1.262796e-03 4.202417e-04 4.122202e-04 4.303341e-04
11900 -1.258691e+01 1.264510e-03 4.211511e-04 4.098228e-04 4.335362e-04
12000 -1.176078e+01 1.262781e-03 4.233505e-04 4.087285e-04 4.307018e-04
12100 -1.346584e+01 1.266350e-03 4.270842e-04 4.110275e-04 4.282383e-04
12200 -1.148422e+01 1.262202e-03 4.257557e-04 4.089082e-04 4.275381e-04
12300 -1.484755e+01 1.269243e-03 4.305851e-04 4.110549e-04 4.276025e-04
12400 -1.297211e+01 1.265317e-03 4.273314e-04 4.096116e-04 4.283740e-04
12500 -1.458450e+01 1.268692e-03 4.256111e-04 4.116776e-04 4.314029e-04
12600 -1.599236e+01 1.271638e-03 4.274166e-04 4.085599e-04 4.356613e-04
12700 -1.714397e+01 1.274048e-03 4.289417e-04 4.093041e-04 4.358028e-04
12800 -1.710410e+01 1.273965e-03 4.316647e-04 4.081868e-04 4.341133e-04
12900 -1.778539e+01 1.275391e-03 4.304181e-04 4.099731e-04 4.349996e-04
13000 -1.784023e+01 1.275506e-03 4.279796e-04 4.120976e-04 4.354285e-04
13100 -1.825055e+01 1.276364e-03 4.270326e-04 4.124031e-04 4.369282e-04
13200 -1.972573e+01 1.279451e-03 4.313803e-04 4.121152e-04 4.359550e-04
13300 -1.839063e+01 1.276656e-03 4.298119e-04 4.105017e-04 4.363422e-04
13400 -1.723342e+01 1.274233e-03 4.276423e-04 4.109992e-04 4.355917e-04
13500 -1.936516e+01 1.278695e-03 4.316385e-04 4.052581e-04 4.417981e-04
13600 -1.760923e+01 1.275014e-03 4.364604e-04 4.007811e-04 4.377729e-04
13700 -1.829834e+01 1.276455e-03 4.369230e-04 4.015671e-04 4.379653e-04
13800 -1.858230e+01 1.277050e-03 4.382145e-04 4.055067e-04 4.333289e-04
13900 -1.827192e+01 1.276400e-03 4.390017e-04 4.130244e-04 4.243734e-04
14000 -1.752756e+01 1.274841e-03 4.381522e-04 4.120438e-04 4.246452e-04
14100 -1.626291e+01 1.272194e-03 4.365735e-04 4.107333e-04 4.248869e-04
14200 -1.581664e+01 1.271259e-03 4.397900e-04 4.076481e-04 4.238213e-04
14300 -1.631519e+01 1.272304e-03 4.357701e-04 4.127822e-04 4.237514e-04
14400 -1.440049e+01 1.268296e-03 4.304226e-04 4.144391e-04 4.234344e-04
14500 -1.855376e+01 1.276990e-03 4.349911e-04 4.171849e-04 4.248141e-04
14600 -1.917877e+01 1.278298e-03 4.313840e-04 4.198403e-04 4.270740e-04
14700 -1.804482e+01 1.275925e-03 4.253278e-04 4.200675e-04 4.305293e-04
14800 -2.163444e+01 1.283439e-03 4.321420e-04 4.186656e-04 4.326312e-04
14900 -2.138692e+01 1.282921e-03 4.351251e-04 4.256210e-04 4.221748e-04
15000 -2.167050e+01 1.283515e-03 4.328953e-04 4.271708e-04 4.234490e-04
15100 -2.170541e+01 1.283587e-03 4.317845e-04 4.291961e-04 4.226066e-04
15200 -2.367314e+01 1.287706e-03 4.275333e-04 4.331527e-04 4.270197e-04
15300 -2.098188e+01 1.282072e-03 4.180360e-04 4.337761e-04 4.302598e-04
15400 -2.277475e+01 1.285825e-03 4.198051e-04 4.370110e-04 4.290090e-04
15500 -2.278591e+01 1.285849e-03 4.199299e-04 4.391740e-04 4.267449e-04
15600 -1.961809e+01 1.279217e-03 4.190805e-04 4.357383e-04 4.243987e-04
15700 -2.107152e+01 1.282260e-03 4.171547e-04 4.374443e-04 4.276610e-04
15800 -2.002987e+01 1.280079e-03 4.155950e-04 4.358406e-04 4.286438e-04
15900 -1.943792e+01 1.278840e-03 4.139866e-04 4.353154e-04 4.295384e-04
16000 -2.082250e+01 1.281739e-03 4.123955e-04 4.413799e-04 4.279634e-04
16100 -2.205913e+01 1.284327e-03 4.129796e-04 4.416163e-04 4.297314e-04
16200 -2.282574e+01 1.285933e-03 4.112654e-04 4.430655e-04 4.316022e-04
16300 -2.351268e+01 1.287373e-03 4.155360e-04 4.404195e-04 4.314175e-04
16400 -2.260695e+01 1.285477e-03 4.170402e-04 4.406326e-04 4.278041e-04
16500 -2.593334e+01 1.292439e-03 4.226770e-04 4.389033e-04 4.308586e-04
16600 -2.162286e+01 1.283416e-03 4.135013e-04 4.440329e-04 4.258820e-04
16700 -2.476087e+01 1.289985e-03 4.166840e-04 4.475632e-04 4.257380e-04
16800 -2.254038e+01 1.285337e-03 4.112825e-04 4.460476e-04 4.280067e-04
16900 -2.526948e+01 1.291051e-03 4.124864e-04 4.465998e-04 4.319647e-04
17000 -2.113593e+01 1.282398e-03 4.099123e-04 4.451407e-04 4.273450e-04
17100 -2.352587e+01 1.287400e-03 4.124344e-04 4.470498e-04 4.279159e-04
17200 -2.455634e+01 1.289554e-03 4.169198e-04 4.428735e-04 4.297611e-04
17300 -2.177148e+01 1.283726e-03 4.094509e-04 4.463617e-04 4.279137e-04
17400 -2.067022e+01 1.281421e-03 4.104331e-04 4.434247e-04 4.275635e-04
17500 -1.834235e+01 1.276549e-03 4.118161e-04 4.411140e-04 4.236186e-04
17600 -1.997637e+01 1.279966e-03 4.094238e-04 4.451521e-04 4.253903e-04
17700 -1.926115e+01 1.278464e-03 4.131463e-04 4.389510e-04 4.263663e-04
17800 -1.896080e+01 1.277835e-03 4.119568e-04 4.346027e-04 4.312754e-04
17900 -1.987451e+01 1.279738e-03 4.138635e-04 4.336408e-04 4.322340e-04
18000 -2.153672e+01 1.283218e-03 4.188184e-04 4.315295e-04 4.328702e-04
18100 -1.942869e+01 1.278807e-03 4.190613e-04 4.285367e-04 4.312084e-04
18200 -2.172163e+01 1.283607e-03 4.174593e-04 4.299437e-04 4.362042e-04
18300 -2.213018e+01 1.284463e-03 4.159164e-04 4.312562e-04 4.372899e-04
18400 -2.422474e+01 1.288847e-03 4.171423e-04 4.308253e-04 4.408794e-04
18500 -2.527658e+01 1.291048e-03 4.228026e-04 4.273785e-04 4.408672e-04
18600 -2.145254e+01 1.283042e-03 4.219729e-04 4.214183e-04 4.396512e-04
18700 -2.607710e+01 1.292724e-03 4.290171e-04 4.180362e-04 4.456709e-04
18800 -2.372392e+01 1.287795e-03 4.229049e-04 4.214049e-04 4.434853e-04
18900 -1.938022e+01 1.278702e-03 4.267655e-04 4.212343e-04 4.307020e-04
19000 -1.722661e+01 1.274195e-03 4.345190e-04 4.142842e-04 4.253923e-04
19100 -2.066385e+01 1.281390e-03 4.328450e-04 4.154092e-04 4.331356e-04
19200 -1.806360e+01 1.275947e-03 4.293227e-04 4.153874e-04 4.312367e-04
19300 -1.765140e+01 1.275084e-03 4.292050e-04 4.183791e-04 4.275001e-04
19400 -2.030603e+01 1.280641e-03 4.379557e-04 4.151025e-04 4.275831e-04
19500 -2.080295e+01 1.281682e-03 4.334623e-04 4.208226e-04 4.273966e-04
19600 -2.007725e+01 1.280163e-03 4.336924e-04 4.203870e-04 4.260835e-04
19700 -1.958200e+01 1.279126e-03 4.334508e-04 4.174976e-04 4.281778e-04
19800 -2.072952e+01 1.281528e-03 4.351707e-04 4.175835e-04 4.287737e-04
19900 -2.067515e+01 1.281414e-03 4.344558e-04 4.188692e-04 4.280891e-04
