#step  PE  KE  vx2 vy2 vz2
0 0.000000e+00 4.509385e+02 3.572744e-04 3.597826e-04 3.599910e-04
100 0.000000e+00 4.509385e+02 3.572744e-04 3.597826e-04 3.599910e-04
200 0.000000e+00 4.509385e+02 3.572744e-04 3.597826e-04 3.599910e-04
300 0.000000e+00 4.509385e+02 3.572744e-04 3.597826e-04 3.599910e-04
400 0.000000e+00 4.509385e+02 3.572744e-04 3.597826e-04 3.599910e-04
500 -3.282490e-02 4.509385e+02 3.572717e-04 3.597873e-04 3.599890e-04
600 -8.998983e-01 4.509385e+02 3.572021e-04 3.599069e-04 3.599390e-04
700 -5.144312e+00 4.509385e+02 3.568986e-04 3.604555e-04 3.596939e-04
800 -2.547414e+01 4.509385e+02 3.557461e-04 3.627565e-04 3.585454e-04
900 -4.250215e+01 4.509385e+02 3.646345e-04 3.717568e-04 3.406566e-04
1000 -1.883487e+01 4.509385e+02 3.476305e-04 3.642816e-04 3.651358e-04
1100 -5.856359e+00 4.509385e+02 3.459345e-04 3.648040e-04 3.663095e-04
1200 -3.576977e+00 4.509385e+02 3.465239e-04 3.647733e-04 3.657508e-04
1300 -2.569012e+00 4.509385e+02 3.466523e-04 3.645892e-04 3.658064e-04
1400 -2.481277e+00 4.509385e+02 3.461791e-04 3.642960e-04 3.665729e-04
1500 -3.639202e+00 4.509385e+02 3.456699e-04 3.643716e-04 3.670065e-04
1600 -4.962130e+00 4.509385e+02 3.497478e-04 3.669631e-04 3.603371e-04
1700 -5.228748e+00 4.509385e+02 3.508677e-04 3.691509e-04 3.570293e-04
1800 -1.485763e+01 4.509385e+02 3.567902e-04 3.740990e-04 3.461587e-04
1900 -1.218745e+01 4.509385e+02 3.478963e-04 3.658071e-04 3.633446e-04
2000 -8.965213e+00 4.509385e+02 3.517385e-04 3.699310e-04 3.553785e-04
2100 -1.033888e+01 4.509385e+02 3.597337e-04 3.704090e-04 3.469053e-04
2200 -6.840316e+00 4.509385e+02 3.605432e-04 3.710204e-04 3.454844e-04
2300 -4.751483e+00 4.509385e+02 3.570535e-04 3.723496e-04 3.476449e-04
2400 -4.281278e+00 4.509385e+02 3.570662e-04 3.730674e-04 3.469144e-04
2500 -4.385796e+00 4.509385e+02 3.570366e-04 3.731883e-04 3.468231e-04
2600 -6.069350e+00 4.509385e+02 3.592751e-04 3.723209e-04 3.454520e-04
2700 -6.458118e+00 4.509385e+02 3.551234e-04 3.806984e-04 3.412262e-04
2800 -1.037340e+01 4.509385e+02 3.578073e-04 3.767892e-04 3.424515e-04
2900 -8.670248e+00 4.509385e+02 3.555855e-04 3.752789e-04 3.461836e-04
3000 -8.509678e+00 4.509385e+02 3.662408e-04 3.731247e-04 3.376825e-04
3100 -1.665397e+01 4.509385e+02 3.623561e-04 3.821419e-04 3.325500e-04
3200 -1.012832e+01 4.509385e+02 3.567849e-04 3.828968e-04 3.373663e-04
3300 -6.344248e+00 4.509385e+02 3.599451e-04 3.792001e-04 3.379028e-04
3400 -5.771137e+00 4.509385e+02 3.607699e-04 3.805642e-04 3.357139e-04
3500 -5.758675e+00 4.509385e+02 3.592042e-04 3.808493e-04 3.369944e-04
3600 -7.343011e+00 4.509385e+02 3.575383e-04 3.818489e-04 3.376608e-04
3700 -7.392021e+00 4.509385e+02 3.555567e-04 3.832036e-04 3.382877e-04
3800 -6.825193e+00 4.509385e+02 3.561441e-04 3.845725e-04 3.363314e-04
3900 -8.988609e+00 4.509385e+02 3.539142e-04 3.871674e-04 3.359663e-04
4000 -7.285281e+00 4.509385e+02 3.509423e-04 3.888785e-04 3.372272e-04
4100 -8.727246e+00 4.509385e+02 3.494170e-04 3.862497e-04 3.413813e-04
4200 -9.233087e+00 4.509385e+02 3.522001e-04 3.867077e-04 3.381402e-04
4300 -8.310206e+00 4.509385e+02 3.553472e-04 3.880421e-04 3.336587e-04
4400 -7.758037e+00 4.509385e+02 3.546034e-04 3.859064e-04 3.365382e-04
4500 -7.434325e+00 4.509385e+02 3.621024e-04 3.820824e-04 3.328633e-04
4600 -8.867597e+00 4.509385e+02 3.608949e-04 3.851901e-04 3.309630e-04
4700 -6.329030e+00 4.509385e+02 3.553485e-04 3.845139e-04 3.371855e-04
4800 -6.243883e+00 4.509385e+02 3.561012e-04 3.846185e-04 3.363283e-04
4900 -9.168340e+00 4.509385e+02 3.578112e-04 3.832318e-04 3.360050e-04
5000 -8.160869e+00 4.509385e+02 3.577051e-04 3.798115e-04 3.395314e-04
5100 -8.112206e+00 4.509385e+02 3.576788e-04 3.761255e-04 3.432437e-04
5200 -8.473425e+00 4.509385e+02 3.588571e-04 3.783923e-04 3.397986e-04
5300 -7.478285e+00 4.509385e+02 3.598436e-04 3.753501e-04 3.418543e-04
5400 -6.711659e+00 4.509385e+02 8.007498e-06 8.589314e-06 1.060451e-03
5500 -7.072710e+00 4.509385e+02 8.452134e-06 8.836898e-06 1.059759e-03
5600 -7.812182e+00 4.509385e+02 9.364342e-06 9.342491e-06 1.058341e-03
5700 -8.310572e+00 4.509385e+02 9.894813e-06 9.656577e-06 1.057497e-03
5800 -9.564952e+00 4.509385e+02 1.146120e-05 1.045230e-05 1.055134e-03
5900 -9.871265e+00 4.509385e+02 9.801670e-06 1.138286e-05 1.055863e-03
6000 -1.066009e+01 4.509385e+02 1.080418e-05 1.027730e-05 1.055967e-03
6100 -1.141537e+01 4.509385e+02 4.074310e-07 3.007596e-07 1.076340e-03
6200 -1.270446e+01 4.509385e+02 1.300539e-06 1.077659e-06 1.074670e-03
6300 -1.389375e+01 4.509385e+02 2.135953e-06 1.633558e-06 1.073278e-03
6400 -1.420867e+01 4.509385e+02 2.325458e-06 1.729425e-06 1.072993e-03
6500 -1.472840e+01 4.509385e+02 2.907442e-06 2.011352e-06 1.072129e-03
6600 -1.554414e+01 4.509385e+02 5.085126e-07 4.748079e-07 1.076065e-03
6700 -1.711504e+01 4.509385e+02 1.731364e-06 1.282772e-06 1.074034e-03
6800 -1.676246e+01 4.509385e+02 1.151966e-06 1.035828e-06 1.074860e-03
6900 -1.773281e+01 4.509385e+02 2.400788e-06 1.111821e-06 1.073535e-03
7000 -1.748502e+01 4.509385e+02 1.965775e-06 1.327013e-06 1.073755e-03
7100 -1.800176e+01 4.509385e+02 2.878643e-06 1.338676e-06 1.072831e-03
7200 -1.890743e+01 4.509385e+02 1.473749e-07 4.805506e-08 1.076853e-03
7300 -2.017765e+01 4.509385e+02 1.166179e-06 5.719610e-07 1.075310e-03
7400 -2.087766e+01 4.509385e+02 1.434457e-06 1.011199e-06 1.074602e-03
7500 -2.111126e+01 4.509385e+02 1.408792e-06 1.212234e-06 1.074427e-03
7600 -2.151326e+01 4.509385e+02 1.856793e-06 1.335418e-06 1.073856e-03
7700 -2.107766e+01 4.509385e+02 1.596183e-06 1.715419e-06 1.073736e-03
7800 -2.106825e+01 4.509385e+02 1.642703e-08 3.465056e-08 1.076997e-03
7900 -2.209495e+01 4.509385e+02 6.837849e-07 8.131855e-07 1.075551e-03
8000 -2.313909e+01 4.509385e+02 1.343638e-06 1.057518e-06 1.074647e-03
8100 -2.217933e+01 4.509385e+02 8.261398e-07 7.130334e-07 1.075509e-03
8200 -2.323857e+01 4.509385e+02 1.590938e-06 1.059025e-06 1.074398e-03
8300 -2.278964e+01 4.509385e+02 1.394278e-07 1.872086e-07 1.076721e-03
8400 -2.370613e+01 4.509385e+02 9.909439e-07 6.295506e-07 1.075427e-03
8500 -2.370363e+01 4.509385e+02 7.698800e-07 5.442094e-07 1.075734e-03
8600 -2.397909e+01 4.509385e+02 1.250344e-06 7.080580e-07 1.075090e-03
8700 -2.377444e+01 4.509385e+02 1.073790e-06 5.103162e-07 1.075464e-03
8800 -2.405017e+01 4.509385e+02 1.342166e-06 7.497932e-07 1.074956e-03
8900 -2.490927e+01 4.509385e+02 2.030201e-06 1.086882e-06 1.073931e-03
9000 -2.580559e+01 4.509385e+02 5.982665e-07 1.761121e-07 1.076274e-03
9100 -2.605460e+01 4.509385e+02 7.531647e-07 3.131452e-07 1.075982e-03
9200 -2.591761e+01 4.509385e+02 4.832272e-08 3.640555e-08 1.076963e-03
9300 -2.632983e+01 4.509385e+02 4.250299e-07 2.696570e-07 1.076353e-03
9400 -2.660053e+01 4.509385e+02 8.080199e-07 3.225961e-07 1.075917e-03
9500 -2.676797e+01 4.509385e+02 6.278751e-07 5.778052e-07 1.075842e-03
9600 -2.713949e+01 4.509385e+02 1.158912e-06 7.342926e-07 1.075155e-03
9700 -2.734926e+01 4.509385e+02 1.369611e-06 9.688081e-07 1.074710e-03
9800 -2.770758e+01 4.509385e+02 1.742830e-06 9.176077e-07 1.074388e-03
9900 -2.810056e+01 4.509385e+02 6.111624e-07 3.064071e-07 1.076130e-03
10000 -2.850297e+01 4.509385e+02 9.683490e-07 4.656520e-07 1.075614e-03
10100 -2.864540e+01 4.509385e+02 7.161632e-08 5.123310e-08 1.076925e-03
10200 -2.905460e+01 4.509385e+02 3.856045e-07 3.227469e-07 1.076340e-03
10300 -2.921860e+01 4.509385e+02 5.960985e-07 2.890003e-07 1.076163e-03
10400 -2.958439e+01 4.509385e+02 9.196372e-07 6.391028e-07 1.075489e-03
10500 -3.001423e+01 4.509385e+02 1.071576e-06 8.831079e-07 1.075093e-03
10600 -3.033622e+01 4.509385e+02 9.740321e-07 1.573321e-06 1.074501e-03
10700 -3.015300e+01 4.509385e+02 8.784985e-07 1.022615e-06 1.075147e-03
10800 -3.032718e+01 4.509385e+02 1.618805e-07 1.239878e-07 1.076762e-03
10900 -3.091745e+01 4.509385e+02 7.023224e-07 3.540566e-07 1.075992e-03
11000 -3.108574e+01 4.509385e+02 9.445588e-07 3.729109e-07 1.075731e-03
11100 -3.136687e+01 4.509385e+02 1.460050e-06 4.022332e-07 1.075186e-03
11200 -3.165875e+01 4.509385e+02 1.277438e-06 7.281447e-07 1.075042e-03
11300 -3.168391e+01 4.509385e+02 1.198889e-06 8.069243e-07 1.075042e-03
11400 -3.167919e+01 4.509385e+02 1.112174e-06 8.849124e-07 1.075051e-03
11500 -3.167346e+01 4.509385e+02 1.396754e-08 1.042619e-08 1.077024e-03
11600 -3.236407e+01 4.509385e+02 5.047169e-07 4.099589e-07 1.076133e-03
11700 -3.270583e+01 4.509385e+02 7.614694e-07 4.920982e-07 1.075794e-03
11800 -3.315650e+01 4.509385e+02 1.317324e-06 6.055909e-07 1.075125e-03
11900 -3.327825e+01 4.509385e+02 1.368710e-06 7.498579e-07 1.074929e-03
12000 -3.317067e+01 4.509385e+02 1.116672e-06 8.899701e-07 1.075041e-03
12100 -3.282402e+01 4.509385e+02 9.101582e-07 5.267514e-07 1.075611e-03
12200 -3.333618e+01 4.509385e+02 2.954636e-07 4.376487e-07 1.076315e-03
12300 -3.396647e+01 4.509385e+02 9.272091e-07 4.604435e-07 1.075660e-03
12400 -3.384625e+01 4.509385e+02 8.281877e-07 4.500028e-07 1.075770e-03
12500 -3.428500e+01 4.509385e+02 1.204870e-06 5.835061e-07 1.075260e-03
12600 -3.387133e+01 4.509385e+02 8.410675e-07 5.508243e-07 1.075656e-03
12700 -3.375410e+01 4.509385e+02 2.760301e-08 3.042267e-08 1.076990e-03
12800 -3.432827e+01 4.509385e+02 4.202553e-07 3.209697e-07 1.076307e-03
12900 -3.495328e+01 4.509385e+02 8.620514e-07 5.906042e-07 1.075595e-03
13000 -3.457204e+01 4.509385e+02 6.835148e-07 5.747582e-07 1.075790e-03
13100 -3.533366e+01 4.509385e+02 1.202537e-06 6.583395e-07 1.075187e-03
13200 -3.459175e+01 4.509385e+02 6.395827e-07 4.864947e-07 1.075922e-03
13300 -3.451388e+01 4.509385e+02 6.430720e-07 5.783883e-07 1.075827e-03
13400 -3.506490e+01 4.509385e+02 3.285110e-08 2.490175e-08 1.076990e-03
13500 -3.573385e+01 4.509385e+02 5.718856e-07 3.335136e-07 1.076143e-03
13600 -3.621803e+01 4.509385e+02 9.347398e-07 5.341209e-07 1.075579e-03
13700 -3.645273e+01 4.509385e+02 1.797579e-07 8.900069e-08 1.076779e-03
13800 -3.664249e+01 4.509385e+02 3.115352e-07 2.682612e-07 1.076468e-03
13900 -3.659734e+01 4.509385e+02 2.939516e-07 3.828036e-07 1.076371e-03
14000 -3.705935e+01 4.509385e+02 8.203745e-07 6.120388e-07 1.075616e-03
14100 -3.733969e+01 4.509385e+02 5.766640e-08 2.052862e-08 1.076970e-03
14200 -3.754046e+01 4.509385e+02 2.652361e-07 1.199000e-07 1.076663e-03
14300 -3.742572e+01 4.509385e+02 7.749865e-08 1.655143e-07 1.076805e-03
14400 -3.764562e+01 4.509385e+02 2.836330e-07 2.651891e-07 1.076499e-03
14500 -3.759175e+01 4.509385e+02 1.728201e-07 2.749533e-07 1.076600e-03
14600 -3.780850e+01 4.509385e+02 3.020605e-07 4.721384e-07 1.076274e-03
14700 -3.784605e+01 4.509385e+02 7.991612e-09 1.199438e-08 1.077028e-03
14800 -3.802982e+01 4.509385e+02 1.242283e-07 1.719574e-07 1.076752e-03
14900 -3.812810e+01 4.509385e+02 1.441695e-07 2.864181e-07 1.076617e-03
15000 -3.825340e+01 4.509385e+02 1.954482e-07 3.661960e-07 1.076486e-03
15100 -3.815249e+01 4.509385e+02 1.046890e-07 2.976933e-07 1.076646e-03
15200 -3.824424e+01 4.509385e+02 4.597892e-08 1.100555e-07 1.076892e-03
15300 -3.838691e+01 4.509385e+02 1.477084e-07 1.915892e-07 1.076709e-03
15400 -3.829763e+01 4.509385e+02 8.337177e-08 1.037610e-07 1.076861e-03
15500 -3.907882e+01 4.509385e+02 1.556908e-07 1.753149e-07 1.076717e-03
15600 -3.849661e+01 4.509385e+02 8.656247e-08 1.033844e-07 1.076858e-03
15700 -3.864223e+01 4.509385e+02 1.566836e-07 2.479228e-07 1.076643e-03
15800 -3.870470e+01 4.509385e+02 2.572482e-07 2.474042e-07 1.076543e-03
15900 -3.878589e+01 4.509385e+02 2.986777e-07 2.902099e-07 1.076459e-03
16000 -3.924821e+01 4.509385e+02 8.416468e-07 6.296461e-07 1.075577e-03
16100 -3.908995e+01 4.509385e+02 6.170910e-07 6.026100e-07 1.075828e-03
16200 -3.948572e+01 4.509385e+02 1.664203e-08 1.624118e-08 1.077015e-03
16300 -3.980167e+01 4.509385e+02 2.897161e-07 2.346183e-07 1.076524e-03
16400 -3.985371e+01 4.509385e+02 6.588110e-08 7.099703e-08 1.076911e-03
16500 -3.986319e+01 4.509385e+02 4.876000e-08 1.199579e-07 1.076879e-03
16600 -3.993795e+01 4.509385e+02 7.091122e-08 2.114602e-07 1.076766e-03
16700 -4.003956e+01 4.509385e+02 9.099694e-08 3.735754e-07 1.076583e-03
16800 -3.993709e+01 4.509385e+02 8.859860e-08 2.086679e-07 1.076751e-03
16900 -4.005406e+01 4.509385e+02 1.438046e-28 2.249519e-28 1.077048e-03
17000 -4.013830e+01 4.509385e+02 4.490425e-08 6.779256e-08 1.076935e-03
17100 -4.014419e+01 4.509385e+02 6.972706e-08 7.340246e-08 1.076905e-03
17200 -4.014306e+01 4.509385e+02 7.645636e-08 6.644705e-08 1.076905e-03
17300 -4.021275e+01 4.509385e+02 1.518343e-07 1.061361e-07 1.076790e-03
17400 -4.031252e+01 4.509385e+02 2.487704e-07 1.648348e-07 1.076634e-03
17500 -4.044909e+01 4.509385e+02 5.623196e-09 4.751367e-09 1.077038e-03
17600 -4.051483e+01 4.509385e+02 7.315556e-08 4.299789e-08 1.076932e-03
17700 -4.055625e+01 4.509385e+02 1.181077e-07 6.935398e-08 1.076861e-03
17800 -4.062354e+01 4.509385e+02 1.966245e-07 1.279771e-07 1.076723e-03
17900 -4.077517e+01 4.509385e+02 3.581081e-07 2.372385e-07 1.076453e-03
18000 -4.088347e+01 4.509385e+02 2.731996e-08 2.027935e-08 1.077000e-03
18100 -4.093640e+01 4.509385e+02 7.089659e-08 5.824062e-08 1.076919e-03
18200 -4.106827e+01 4.509385e+02 2.102201e-07 1.444830e-07 1.076693e-03
18300 -4.124136e+01 4.509385e+02 3.098164e-07 3.130718e-07 1.076425e-03
18400 -4.113343e+01 4.509385e+02 2.071084e-07 1.874151e-07 1.076653e-03
18500 -4.126737e+01 4.509385e+02 1.658821e-07 4.007087e-07 1.076481e-03
18600 -4.144365e+01 4.509385e+02 3.900400e-07 3.712460e-07 1.076287e-03
18700 -4.150036e+01 4.509385e+02 3.362407e-07 6.032125e-07 1.076109e-03
18800 -4.132027e+01 4.509385e+02 4.120469e-07 2.607741e-07 1.076375e-03
18900 -4.147463e+01 4.509385e+02 3.587218e-07 7.506527e-07 1.075939e-03
19000 -4.171367e+01 4.509385e+02 3.246354e-07 9.252678e-07 1.075798e-03
19100 -4.167875e+01 4.509385e+02 4.748720e-07 5.682107e-07 1.076005e-03
19200 -4.175182e+01 4.509385e+02 6.425883e-07 5.355627e-07 1.075870e-03
19300 -4.135005e+01 4.509385e+02 2.498387e-07 3.467779e-07 1.076451e-03
19400 -4.164128e+01 4.509385e+02 3.941480e-07 6.183536e-07 1.076035e-03
19500 -4.170487e+01 4.509385e+02 2.845611e-07 8.547003e-07 1.075909e-03
19600 -4.182818e+01 4.509385e+02 3.577595e-07 8.309143e-07 1.075859e-03
19700 -4.185991e+01 4.509385e+02 2.694426e-07 5.855162e-07 1.076193e-03
19800 -4.184802e+01 4.509385e+02 4.965586e-07 4.992198e-07 1.076052e-03
19900 -4.198372e+01 4.509385e+02 6.581504e-07 9.241081e-07 1.075466e-03
20000 -4.243888e+01 4.509385e+02 5.281862e-07 1.221749e-06 1.075298e-03
20100 -4.217287e+01 4.509385e+02 6.960409e-07 1.078141e-06 1.075274e-03
20200 -4.233221e+01 4.509385e+02 8.229749e-07 1.311125e-06 1.074914e-03
20300 -4.204337e+01 4.509385e+02 6.100013e-07 1.448835e-06 1.074989e-03
20400 -4.195014e+01 4.509385e+02 7.915956e-07 8.773602e-07 1.075379e-03
20500 -4.212244e+01 4.509385e+02 6.724092e-07 9.213832e-07 1.075454e-03
20600 -4.211557e+01 4.509385e+02 8.434118e-07 8.121776e-07 1.075392e-03
20700 -4.197565e+01 4.509385e+02 7.109822e-07 7.545407e-07 1.075582e-03
20800 -4.205244e+01 4.509385e+02 9.391177e-07 8.162897e-07 1.075293e-03
20900 -4.209282e+01 4.509385e+02 7.506353e-07 7.645895e-07 1.075533e-03
21000 -4.201967e+01 4.509385e+02 5.301469e-07 8.754490e-07 1.075642e-03
21100 -4.286251e+01 4.509385e+02 1.182172e-06 1.197852e-06 1.074668e-03
21200 -4.272291e+01 4.509385e+02 8.051368e-07 1.105651e-06 1.075137e-03
21300 -4.275650e+01 4.509385e+02 6.874568e-07 1.382548e-06 1.074978e-03
21400 -4.267087e+01 4.509385e+02 8.807901e-07 1.663329e-06 1.074504e-03
21500 -4.242156e+01 4.509385e+02 8.501839e-07 1.273642e-06 1.074924e-03
21600 -4.245357e+01 4.509385e+02 9.327200e-07 1.602703e-06 1.074513e-03
21700 -4.220714e+01 4.509385e+02 9.990189e-07 1.335751e-06 1.074713e-03
21800 -4.271267e+01 4.509385e+02 1.112244e-06 1.348963e-06 1.074587e-03
21900 -4.252989e+01 4.509385e+02 9.293734e-07 1.154800e-06 1.074964e-03
22000 -4.221212e+01 4.509385e+02 6.821274e-07 1.027867e-06 1.075338e-03
22100 -4.271388e+01 4.509385e+02 8.149396e-07 1.898806e-06 1.074334e-03
22200 -4.266744e+01 4.509385e+02 1.381515e-06 1.621800e-06 1.074045e-03
22300 -4.307838e+01 4.509385e+02 1.271638e-06 2.084319e-06 1.073692e-03
22400 -4.283927e+01 4.509385e+02 1.140657e-06 1.276890e-06 1.074630e-03
22500 -4.336105e+01 4.509385e+02 1.071387e-06 2.173322e-06 1.073803e-03
22600 -4.284734e+01 4.509385e+02 9.405956e-07 1.201752e-06 1.074906e-03
22700 -4.289616e+01 4.509385e+02 1.067867e-06 1.271551e-06 1.074709e-03
22800 -4.315783e+01 4.509385e+02 1.667925e-06 1.372535e-06 1.074008e-03
22900 -4.319669e+01 4.509385e+02 1.347970e-06 1.517916e-06 1.074182e-03
23000 -4.352604e+01 4.509385e+02 1.209889e-06 2.296266e-06 1.073542e-03
23100 -4.314718e+01 4.509385e+02 1.262178e-06 1.084993e-06 1.074701e-03
23200 -4.304569e+01 4.509385e+02 1.142453e-06 1.444101e-06 1.074461e-03
23300 -4.352057e+01 4.509385e+02 1.707621e-06 1.773460e-06 1.073567e-03
23400 -4.406472e+01 4.509385e+02 1.628643e-06 1.879372e-06 1.073540e-03
23500 -4.303303e+01 4.509385e+02 1.622712e-06 1.173186e-06 1.074252e-03
23600 -4.302654e+01 4.509385e+02 1.385877e-06 1.794867e-06 1.073867e-03
23700 -4.309452e+01 4.509385e+02 1.007361e-06 2.293798e-06 1.073747e-03
23800 -4.311217e+01 4.509385e+02 1.253582e-06 1.763400e-06 1.074031e-03
23900 -4.358207e+01 4.509385e+02 1.389284e-06 2.079651e-06 1.073579e-03
24000 -4.361076e+01 4.509385e+02 1.558701e-06 2.297342e-06 1.073192e-03
24100 -4.335562e+01 4.509385e+02 1.873741e-06 1.873372e-06 1.073301e-03
24200 -4.328115e+01 4.509385e+02 1.577769e-06 9.986351e-07 1.074472e-03
24300 -4.342067e+01 4.509385e+02 1.549336e-06 1.447052e-06 1.074052e-03
24400 -4.360797e+01 4.509385e+02 1.584328e-06 1.899944e-06 1.073564e-03
24500 -4.296167e+01 4.509385e+02 1.279167e-06 1.267554e-06 1.074501e-03
24600 -4.281058e+01 4.509385e+02 1.128831e-06 1.587037e-06 1.074332e-03
24700 -4.284518e+01 4.509385e+02 8.769319e-07 1.286062e-06 1.074885e-03
24800 -4.315276e+01 4.509385e+02 1.610304e-06 1.755728e-06 1.073682e-03
24900 -4.288083e+01 4.509385e+02 1.629124e-06 1.835988e-06 1.073583e-03
25000 -4.282090e+01 4.509385e+02 1.350524e-06 1.685461e-06 1.074012e-03
25100 -4.269303e+01 4.509385e+02 1.312505e-06 1.508330e-06 1.074227e-03
25200 -4.306523e+01 4.509385e+02 1.446976e-06 1.806589e-06 1.073794e-03
25300 -4.349538e+01 4.509385e+02 1.867519e-06 1.645603e-06 1.073535e-03
25400 -4.331359e+01 4.509385e+02 2.344965e-06 1.144081e-06 1.073559e-03
25500 -4.403526e+01 4.509385e+02 2.156764e-06 2.422643e-06 1.072469e-03
25600 -4.428698e+01 4.509385e+02 1.952828e-06 3.327069e-06 1.071768e-03
25700 -4.342146e+01 4.509385e+02 1.295329e-06 2.369369e-06 1.073383e-03
25800 -4.354022e+01 4.509385e+02 8.427593e-07 1.923968e-06 1.074281e-03
25900 -4.345517e+01 4.509385e+02 1.348607e-06 1.933594e-06 1.073766e-03
26000 -4.343542e+01 4.509385e+02 1.801395e-06 1.317239e-06 1.073929e-03
26100 -4.338891e+01 4.509385e+02 1.417944e-06 1.848801e-06 1.073781e-03
26200 -4.384765e+01 4.509385e+02 2.139264e-06 1.663163e-06 1.073246e-03
26300 -4.370170e+01 4.509385e+02 1.884356e-06 2.227069e-06 1.072937e-03
26400 -4.341387e+01 4.509385e+02 1.697123e-06 1.543524e-06 1.073807e-03
26500 -4.336231e+01 4.509385e+02 1.646348e-06 1.424065e-06 1.073978e-03
26600 -4.313563e+01 4.509385e+02 1.689868e-06 1.239975e-06 1.074118e-03
26700 -4.285268e+01 4.509385e+02 1.448217e-06 1.402811e-06 1.074197e-03
26800 -4.322243e+01 4.509385e+02 1.238008e-06 1.808407e-06 1.074002e-03
26900 -4.325149e+01 4.509385e+02 1.749865e-06 1.634323e-06 1.073664e-03
27000 -4.318665e+01 4.509385e+02 1.477973e-06 2.160739e-06 1.073409e-03
27100 -4.344643e+01 4.509385e+02 2.469381e-06 1.368132e-06 1.073210e-03
27200 -4.344269e+01 4.509385e+02 1.821215e-06 1.461805e-06 1.073765e-03
27300 -4.344654e+01 4.509385e+02 2.181655e-06 1.931894e-06 1.072934e-03
27400 -4.340892e+01 4.509385e+02 1.847582e-06 1.463300e-06 1.073737e-03
27500 -4.337185e+01 4.509385e+02 1.684232e-06 1.356380e-06 1.074007e-03
27600 -4.369337e+01 4.509385e+02 2.058677e-06 2.046375e-06 1.072943e-03
27700 -4.344981e+01 4.509385e+02 1.439999e-06 2.616822e-06 1.072991e-03
27800 -4.337144e+01 4.509385e+02 1.757435e-06 2.092934e-06 1.073198e-03
27900 -4.308892e+01 4.509385e+02 1.607167e-06 1.475419e-06 1.073965e-03
28000 -4.304720e+01 4.509385e+02 1.511139e-06 8.502108e-07 1.074687e-03
28100 -4.358978e+01 4.509385e+02 1.372463e-06 1.302603e-06 1.074373e-03
28200 -4.382949e+01 4.509385e+02 9.986689e-07 2.562431e-06 1.073487e-03
28300 -4.338479e+01 4.509385e+02 1.171859e-06 1.127293e-06 1.074749e-03
28400 -4.328839e+01 4.509385e+02 1.219857e-06 1.936896e-06 1.073891e-03
28500 -4.299833e+01 4.509385e+02 1.082097e-06 1.387575e-06 1.074578e-03
28600 -4.355531e+01 4.509385e+02 1.711078e-06 1.366226e-06 1.073971e-03
28700 -4.322247e+01 4.509385e+02 1.542587e-06 1.684171e-06 1.073821e-03
28800 -4.324558e+01 4.509385e+02 2.471712e-06 1.290713e-06 1.073286e-03
28900 -4.351421e+01 4.509385e+02 2.940060e-06 1.034012e-06 1.073074e-03
29000 -4.351732e+01 4.509385e+02 2.510880e-06 1.154433e-06 1.073383e-03
29100 -4.333147e+01 4.509385e+02 2.076897e-06 1.603896e-06 1.073367e-03
29200 -4.330987e+01 4.509385e+02 1.291841e-06 2.181063e-06 1.073575e-03
29300 -4.306621e+01 4.509385e+02 6.443677e-07 1.930368e-06 1.074473e-03
29400 -4.267033e+01 4.509385e+02 1.023431e-06 1.274352e-06 1.074750e-03
29500 -4.341127e+01 4.509385e+02 1.797222e-06 1.518637e-06 1.073732e-03
29600 -4.392358e+01 4.509385e+02 1.896668e-06 2.350649e-06 1.072801e-03
29700 -4.357719e+01 4.509385e+02 1.926747e-06 1.772968e-06 1.073348e-03
29800 -4.408341e+01 4.509385e+02 2.279747e-06 1.959774e-06 1.072808e-03
29900 -4.315257e+01 4.509385e+02 1.854675e-06 1.490838e-06 1.073702e-03
30000 -4.378368e+01 4.509385e+02 1.832300e-06 2.080626e-06 1.073135e-03
30100 -4.307966e+01 4.509385e+02 1.698850e-06 1.127570e-06 1.074222e-03
30200 -4.299084e+01 4.509385e+02 1.994086e-06 1.208681e-06 1.073845e-03
30300 -4.351865e+01 4.509385e+02 1.352540e-06 1.609069e-06 1.074086e-03
30400 -4.362236e+01 4.509385e+02 1.514086e-06 2.334038e-06 1.073200e-03
30500 -4.445017e+01 4.509385e+02 2.511145e-06 2.751063e-06 1.071786e-03
30600 -4.368225e+01 4.509385e+02 1.934131e-06 2.208126e-06 1.072906e-03
30700 -4.332340e+01 4.509385e+02 2.324398e-06 1.404957e-06 1.073319e-03
30800 -4.310330e+01 4.509385e+02 1.912995e-06 1.278768e-06 1.073856e-03
30900 -4.340389e+01 4.509385e+02 1.979589e-06 2.078873e-06 1.072990e-03
31000 -4.375468e+01 4.509385e+02 1.851318e-06 2.448136e-06 1.072749e-03
31100 -4.405960e+01 4.509385e+02 2.398553e-06 2.268182e-06 1.072381e-03
31200 -4.355650e+01 4.509385e+02 2.044201e-06 1.806731e-06 1.073197e-03
31300 -4.285195e+01 4.509385e+02 1.706407e-06 1.136799e-06 1.074205e-03
31400 -4.344256e+01 4.509385e+02 1.766839e-06 1.300020e-06 1.073981e-03
31500 -4.369359e+01 4.509385e+02 1.469553e-06 1.781904e-06 1.073797e-03
31600 -4.330452e+01 4.509385e+02 1.754447e-06 1.423462e-06 1.073870e-03
31700 -4.329065e+01 4.509385e+02 1.043863e-06 1.458971e-06 1.074545e-03
31800 -4.338013e+01 4.509385e+02 1.238532e-06 2.135883e-06 1.073674e-03
31900 -4.336236e+01 4.509385e+02 1.354382e-06 1.944145e-06 1.073749e-03
32000 -4.345090e+01 4.509385e+02 1.283385e-06 2.825091e-06 1.072940e-03
32100 -4.382416e+01 4.509385e+02 2.222260e-06 2.118280e-06 1.072707e-03
32200 -4.362626e+01 4.509385e+02 1.738705e-06 2.107539e-06 1.073202e-03
32300 -4.460644e+01 4.509385e+02 3.347587e-06 2.450186e-06 1.071250e-03
32400 -4.411769e+01 4.509385e+02 3.108619e-06 1.708006e-06 1.072231e-03
32500 -4.340656e+01 4.509385e+02 2.703053e-06 1.644618e-06 1.072700e-03
32600 -4.302799e+01 4.509385e+02 2.017113e-06 1.588906e-06 1.073442e-03
32700 -4.271568e+01 4.509385e+02 1.326070e-06 8.905621e-07 1.074831e-03
32800 -4.324806e+01 4.509385e+02 1.789571e-06 1.558810e-06 1.073700e-03
32900 -4.376228e+01 4.509385e+02 2.279601e-06 1.989869e-06 1.072779e-03
33000 -4.401844e+01 4.509385e+02 2.472130e-06 2.171516e-06 1.072404e-03
33100 -4.306983e+01 4.509385e+02 1.916283e-06 1.583731e-06 1.073548e-03
33200 -4.367328e+01 4.509385e+02 2.342499e-06 1.412093e-06 1.073293e-03
33300 -4.326937e+01 4.509385e+02 2.069680e-06 1.284514e-06 1.073694e-03
33400 -4.298740e+01 4.509385e+02 1.312320e-06 1.574730e-06 1.074161e-03
33500 -4.357906e+01 4.509385e+02 1.468212e-06 1.777278e-06 1.073802e-03
33600 -4.324787e+01 4.509385e+02 1.618660e-06 1.891768e-06 1.073538e-03
33700 -4.407065e+01 4.509385e+02 2.314457e-06 3.150157e-06 1.071583e-03
33800 -4.341534e+01 4.509385e+02 2.144288e-06 2.034663e-06 1.072869e-03
33900 -4.373741e+01 4.509385e+02 2.576837e-06 1.930011e-06 1.072541e-03
34000 -4.315198e+01 4.509385e+02 2.259241e-06 1.116207e-06 1.073673e-03
34100 -4.287863e+01 4.509385e+02 1.575983e-06 1.264732e-06 1.074207e-03
34200 -4.259774e+01 4.509385e+02 1.111797e-06 1.134843e-06 1.074801e-03
34300 -4.338948e+01 4.509385e+02 1.878302e-06 1.631819e-06 1.073538e-03
34400 -4.331596e+01 4.509385e+02 2.350396e-06 1.296276e-06 1.073401e-03
34500 -4.326623e+01 4.509385e+02 2.030103e-06 1.276762e-06 1.073741e-03
34600 -4.393482e+01 4.509385e+02 2.101724e-06 2.081225e-06 1.072865e-03
34700 -4.415784e+01 4.509385e+02 2.152996e-06 3.265980e-06 1.071629e-03
34800 -4.411796e+01 4.509385e+02 2.265962e-06 1.921733e-06 1.072860e-03
34900 -4.407934e+01 4.509385e+02 1.809322e-06 1.873345e-06 1.073365e-03
35000 -4.424158e+01 4.509385e+02 2.387635e-06 2.012407e-06 1.072648e-03
35100 -4.433082e+01 4.509385e+02 2.615071e-06 2.112308e-06 1.072321e-03
35200 -4.380032e+01 4.509385e+02 2.975285e-06 1.792869e-06 1.072280e-03
35300 -4.352645e+01 4.509385e+02 2.969457e-06 1.545251e-06 1.072533e-03
35400 -4.356254e+01 4.509385e+02 2.978653e-06 1.693821e-06 1.072376e-03
35500 -4.461267e+01 4.509385e+02 3.625364e-06 1.897462e-06 1.071525e-03
35600 -4.480872e+01 4.509385e+02 1.973141e-06 3.030063e-06 1.072045e-03
35700 -4.459738e+01 4.509385e+02 2.307150e-06 2.897167e-06 1.071844e-03
35800 -4.466143e+01 4.509385e+02 3.318153e-06 3.063162e-06 1.070667e-03
35900 -4.448409e+01 4.509385e+02 1.777549e-06 2.597937e-06 1.072673e-03
36000 -4.388721e+01 4.509385e+02 2.279699e-06 2.225817e-06 1.072542e-03
36100 -4.424634e+01 4.509385e+02 2.984049e-06 1.894943e-06 1.072169e-03
36200 -4.472306e+01 4.509385e+02 3.533184e-06 2.282923e-06 1.071232e-03
36300 -4.469086e+01 4.509385e+02 2.498034e-06 2.844172e-06 1.071706e-03
36400 -4.465757e+01 4.509385e+02 2.736953e-06 2.501808e-06 1.071809e-03
36500 -4.446080e+01 4.509385e+02 2.635378e-06 2.330089e-06 1.072083e-03
36600 -4.477700e+01 4.509385e+02 3.759862e-06 2.028007e-06 1.071260e-03
36700 -4.436943e+01 4.509385e+02 2.523966e-06 2.681570e-06 1.071842e-03
36800 -4.441202e+01 4.509385e+02 2.514909e-06 2.791827e-06 1.071741e-03
36900 -4.378256e+01 4.509385e+02 1.820240e-06 2.366539e-06 1.072861e-03
37000 -4.283597e+01 4.509385e+02 1.163677e-06 1.650505e-06 1.074234e-03
37100 -4.325212e+01 4.509385e+02 1.566999e-06 1.917707e-06 1.073563e-03
37200 -4.368380e+01 4.509385e+02 1.372740e-06 2.510821e-06 1.073164e-03
37300 -4.403680e+01 4.509385e+02 1.813467e-06 2.753562e-06 1.072481e-03
37400 -4.419894e+01 4.509385e+02 2.421710e-06 2.236495e-06 1.072390e-03
37500 -4.429574e+01 4.509385e+02 2.717888e-06 2.139782e-06 1.072190e-03
37600 -4.455044e+01 4.509385e+02 2.508904e-06 2.707958e-06 1.071831e-03
37700 -4.408063e+01 4.509385e+02 2.248161e-06 2.087180e-06 1.072713e-03
37800 -4.352444e+01 4.509385e+02 1.263225e-06 1.827579e-06 1.073957e-03
37900 -4.369650e+01 4.509385e+02 1.567139e-06 1.495171e-06 1.073986e-03
38000 -4.376056e+01 4.509385e+02 1.730063e-06 1.914019e-06 1.073404e-03
38100 -4.364444e+01 4.509385e+02 2.099998e-06 1.108780e-06 1.073839e-03
38200 -4.419625e+01 4.509385e+02 2.272931e-06 2.484060e-06 1.072291e-03
38300 -4.385252e+01 4.509385e+02 2.002100e-06 2.343042e-06 1.072703e-03
38400 -4.411899e+01 4.509385e+02 2.985944e-06 2.137274e-06 1.071925e-03
38500 -4.386014e+01 4.509385e+02 1.809871e-06 2.191581e-06 1.073047e-03
38600 -4.368878e+01 4.509385e+02 1.696042e-06 2.555238e-06 1.072797e-03
38700 -4.374726e+01 4.509385e+02 2.125789e-06 2.363363e-06 1.072559e-03
38800 -4.375625e+01 4.509385e+02 2.189200e-06 1.681953e-06 1.073177e-03
38900 -4.377796e+01 4.509385e+02 2.184432e-06 2.386780e-06 1.072477e-03
39000 -4.378100e+01 4.509385e+02 1.790947e-06 2.667186e-06 1.072590e-03
39100 -4.377654e+01 4.509385e+02 2.092404e-06 1.926077e-06 1.073030e-03
39200 -4.364272e+01 4.509385e+02 2.266820e-06 1.349210e-06 1.073432e-03
39300 -4.342167e+01 4.509385e+02 1.671758e-06 1.775904e-06 1.073600e-03
39400 -4.382264e+01 4.509385e+02 2.051760e-06 1.854873e-06 1.073141e-03
39500 -4.395515e+01 4.509385e+02 2.298207e-06 1.836403e-06 1.072913e-03
39600 -4.405019e+01 4.509385e+02 2.546485e-06 1.661230e-06 1.072840e-03
39700 -4.470034e+01 4.509385e+02 2.843397e-06 2.105810e-06 1.072099e-03
39800 -4.456751e+01 4.509385e+02 2.491064e-06 3.143050e-06 1.071414e-03
39900 -4.489389e+01 4.509385e+02 3.117944e-06 3.016718e-06 1.070913e-03
40000 -4.495184e+01 4.509385e+02 2.916295e-06 2.351757e-06 1.071780e-03
40100 -4.507077e+01 4.509385e+02 2.455849e-06 2.805598e-06 1.071787e-03
40200 -4.441759e+01 4.509385e+02 3.469641e-06 1.299901e-06 1.072278e-03
40300 -4.444230e+01 4.509385e+02 1.962763e-06 3.017597e-06 1.072068e-03
40400 -4.435816e+01 4.509385e+02 2.910765e-06 2.091358e-06 1.072046e-03
40500 -4.384155e+01 4.509385e+02 2.422075e-06 1.821085e-06 1.072805e-03
40600 -4.357283e+01 4.509385e+02 2.449272e-06 1.398821e-06 1.073200e-03
40700 -4.342026e+01 4.509385e+02 1.978297e-06 1.659299e-06 1.073410e-03
40800 -4.349287e+01 4.509385e+02 1.839826e-06 1.810397e-06 1.073398e-03
40900 -4.369503e+01 4.509385e+02 1.311741e-06 2.663496e-06 1.073073e-03
41000 -4.412632e+01 4.509385e+02 2.271234e-06 3.174630e-06 1.071602e-03
41100 -4.400558e+01 4.509385e+02 2.830799e-06 1.684604e-06 1.072533e-03
41200 -4.390978e+01 4.509385e+02 1.845848e-06 1.948827e-06 1.073253e-03
41300 -4.406393e+01 4.509385e+02 2.129995e-06 2.247094e-06 1.072671e-03
41400 -4.392309e+01 4.509385e+02 1.957753e-06 2.262601e-06 1.072828e-03
41500 -4.435371e+01 4.509385e+02 2.412469e-06 2.868172e-06 1.071767e-03
41600 -4.531672e+01 4.509385e+02 2.951777e-06 3.430114e-06 1.070666e-03
41700 -4.491140e+01 4.509385e+02 3.734650e-06 1.662723e-06 1.071651e-03
41800 -4.427157e+01 4.509385e+02 2.993416e-06 1.716679e-06 1.072338e-03
41900 -4.415776e+01 4.509385e+02 2.591470e-06 1.665598e-06 1.072791e-03
42000 -4.471756e+01 4.509385e+02 2.591645e-06 2.691112e-06 1.071765e-03
42100 -4.470079e+01 4.509385e+02 2.635965e-06 3.592412e-06 1.070820e-03
42200 -4.384289e+01 4.509385e+02 2.323231e-06 2.405012e-06 1.072320e-03
42300 -4.401096e+01 4.509385e+02 1.970832e-06 2.449525e-06 1.072628e-03
42400 -4.426746e+01 4.509385e+02 1.839637e-06 2.823502e-06 1.072385e-03
42500 -4.464167e+01 4.509385e+02 2.491005e-06 2.793415e-06 1.071764e-03
42600 -4.463912e+01 4.509385e+02 1.674628e-06 2.669704e-06 1.072704e-03
42700 -4.441210e+01 4.509385e+02 2.242521e-06 1.765544e-06 1.073040e-03
42800 -4.357705e+01 4.509385e+02 1.785173e-06 1.197862e-06 1.074065e-03
42900 -4.362479e+01 4.509385e+02 2.213178e-06 2.025217e-06 1.072810e-03
43000 -4.388777e+01 4.509385e+02 1.883528e-06 2.791914e-06 1.072373e-03
43100 -4.381146e+01 4.509385e+02 1.126322e-06 2.728549e-06 1.073193e-03
43200 -4.388464e+01 4.509385e+02 2.450032e-06 1.677997e-06 1.072920e-03
43300 -4.403337e+01 4.509385e+02 3.222232e-06 1.457378e-06 1.072368e-03
43400 -4.360707e+01 4.509385e+02 1.343572e-06 2.477314e-06 1.073227e-03
43500 -4.423241e+01 4.509385e+02 2.871102e-06 2.236820e-06 1.071940e-03
43600 -4.425314e+01 4.509385e+02 2.996984e-06 2.444941e-06 1.071606e-03
43700 -4.459228e+01 4.509385e+02 2.837600e-06 2.040279e-06 1.072170e-03
43800 -4.476846e+01 4.509385e+02 1.849060e-06 2.827865e-06 1.072371e-03
43900 -4.481607e+01 4.509385e+02 2.183184e-06 2.320077e-06 1.072545e-03
44000 -4.475739e+01 4.509385e+02 2.265378e-06 2.348247e-06 1.072434e-03
44100 -4.479349e+01 4.509385e+02 3.155349e-06 1.976611e-06 1.071916e-03
44200 -4.455683e+01 4.509385e+02 3.492631e-06 2.340071e-06 1.071215e-03
44300 -4.439835e+01 4.509385e+02 2.210274e-06 2.244687e-06 1.072593e-03
44400 -4.466570e+01 4.509385e+02 2.247473e-06 3.134948e-06 1.071666e-03
44500 -4.519673e+01 4.509385e+02 3.617567e-06 3.110907e-06 1.070320e-03
44600 -4.409082e+01 4.509385e+02 2.233974e-06 2.234895e-06 1.072579e-03
44700 -4.424803e+01 4.509385e+02 2.332582e-06 2.290441e-06 1.072425e-03
44800 -4.320558e+01 4.509385e+02 1.482406e-06 1.433188e-06 1.074132e-03
44900 -4.377326e+01 4.509385e+02 1.547266e-06 2.683760e-06 1.072817e-03
45000 -4.421826e+01 4.509385e+02 2.402977e-06 2.686250e-06 1.071959e-03
45100 -4.486150e+01 4.509385e+02 3.603783e-06 2.811648e-06 1.070633e-03
45200 -4.441103e+01 4.509385e+02 2.248417e-06 2.469728e-06 1.072330e-03
45300 -4.371116e+01 4.509385e+02 1.587999e-06 1.665893e-06 1.073794e-03
45400 -4.328104e+01 4.509385e+02 1.234002e-06 1.326491e-06 1.074487e-03
45500 -4.298247e+01 4.509385e+02 1.397318e-06 1.154091e-06 1.074497e-03
45600 -4.460065e+01 4.509385e+02 2.692263e-06 2.536341e-06 1.071819e-03
45700 -4.566393e+01 4.509385e+02 3.532519e-06 3.543349e-06 1.069972e-03
45800 -4.471549e+01 4.509385e+02 1.760976e-06 2.706670e-06 1.072580e-03
45900 -4.378637e+01 4.509385e+02 1.655428e-06 2.249664e-06 1.073143e-03
46000 -4.284995e+01 4.509385e+02 1.423057e-06 1.424727e-06 1.074200e-03
46100 -4.271000e+01 4.509385e+02 1.581128e-06 1.161947e-06 1.074305e-03
46200 -4.300261e+01 4.509385e+02 1.293746e-06 1.866153e-06 1.073888e-03
46300 -4.350843e+01 4.509385e+02 2.171273e-06 1.836390e-06 1.073040e-03
46400 -4.409927e+01 4.509385e+02 2.732651e-06 2.462242e-06 1.071853e-03
46500 -4.449918e+01 4.509385e+02 2.414218e-06 2.872127e-06 1.071762e-03
46600 -4.465680e+01 4.509385e+02 2.209469e-06 1.976197e-06 1.072862e-03
46700 -4.420834e+01 4.509385e+02 2.549765e-06 2.078832e-06 1.072419e-03
46800 -4.505085e+01 4.509385e+02 3.635154e-06 3.121935e-06 1.070291e-03
46900 -4.446773e+01 4.509385e+02 2.576399e-06 3.329727e-06 1.071142e-03
47000 -4.432358e+01 4.509385e+02 1.877648e-06 3.223100e-06 1.071947e-03
47100 -4.380937e+01 4.509385e+02 1.512292e-06 2.574817e-06 1.072961e-03
47200 -4.388106e+01 4.509385e+02 2.259398e-06 1.748867e-06 1.073040e-03
47300 -4.380615e+01 4.509385e+02 2.031274e-06 2.180953e-06 1.072836e-03
47400 -4.342079e+01 4.509385e+02 1.712500e-06 2.008381e-06 1.073327e-03
47500 -4.346969e+01 4.509385e+02 2.168819e-06 1.171472e-06 1.073708e-03
47600 -4.378697e+01 4.509385e+02 2.399850e-06 1.778226e-06 1.072870e-03
47700 -4.368518e+01 4.509385e+02 2.369127e-06 1.517769e-06 1.073161e-03
47800 -4.384726e+01 4.509385e+02 2.007890e-06 1.965496e-06 1.073075e-03
47900 -4.412022e+01 4.509385e+02 2.391484e-06 2.610323e-06 1.072046e-03
48000 -4.437020e+01 4.509385e+02 3.233935e-06 2.746952e-06 1.071067e-03
48100 -4.459191e+01 4.509385e+02 1.536986e-06 3.422128e-06 1.072089e-03
48200 -4.436621e+01 4.509385e+02 1.751171e-06 3.215932e-06 1.072081e-03
48300 -4.403502e+01 4.509385e+02 2.000953e-06 2.421730e-06 1.072625e-03
48400 -4.423793e+01 4.509385e+02 2.314548e-06 1.846719e-06 1.072887e-03
48500 -4.376191e+01 4.509385e+02 2.419359e-06 1.267103e-06 1.073362e-03
48600 -4.438328e+01 4.509385e+02 3.563888e-06 1.712568e-06 1.071772e-03
48700 -4.456068e+01 4.509385e+02 4.158749e-06 1.894406e-06 1.070995e-03
48800 -4.459678e+01 4.509385e+02 2.616350e-06 3.212296e-06 1.071219e-03
48900 -4.396285e+01 4.509385e+02 2.322111e-06 2.240411e-06 1.072485e-03
49000 -4.359420e+01 4.509385e+02 1.666964e-06 2.125353e-06 1.073256e-03
49100 -4.397092e+01 4.509385e+02 2.818615e-06 1.489028e-06 1.072740e-03
49200 -4.439412e+01 4.509385e+02 1.448354e-06 2.482078e-06 1.073118e-03
49300 -4.432364e+01 4.509385e+02 2.351377e-06 1.585869e-06 1.073111e-03
49400 -4.437268e+01 4.509385e+02 2.128074e-06 2.006958e-06 1.072913e-03
49500 -4.387016e+01 4.509385e+02 1.639449e-06 2.174599e-06 1.073234e-03
49600 -4.479264e+01 4.509385e+02 2.064693e-06 3.747898e-06 1.071235e-03
49700 -4.412623e+01 4.509385e+02 2.926736e-06 1.546525e-06 1.072575e-03
49800 -4.463249e+01 4.509385e+02 2.704542e-06 2.396897e-06 1.071947e-03
49900 -4.429888e+01 4.509385e+02 1.924058e-06 2.400401e-06 1.072724e-03
