#step  PE  KE  vx2 vy2 vz2
0 -4.366077e+01 4.508360e+02 1.645227e-06 1.857620e-06 1.073300e-03
100 -4.384398e+01 4.509967e+02 1.969859e-06 2.015367e-06 1.073202e-03
200 -4.348396e+01 4.506811e+02 1.466087e-06 1.899809e-06 1.073067e-03
300 -4.422400e+01 4.513297e+02 1.922084e-06 2.896656e-06 1.073164e-03
400 -4.438848e+01 4.514734e+02 1.781431e-06 2.569597e-06 1.073975e-03
500 -4.476156e+01 4.518005e+02 1.687862e-06 3.029176e-06 1.074390e-03
600 -4.392654e+01 4.510684e+02 1.362841e-06 2.243076e-06 1.073752e-03
700 -4.374620e+01 4.509103e+02 1.188394e-06 2.779689e-06 1.073013e-03
800 -4.405849e+01 4.511836e+02 2.478538e-06 1.920298e-06 1.073235e-03
900 -4.452768e+01 4.515948e+02 3.371635e-06 1.904463e-06 1.073340e-03
1000 -4.423226e+01 4.513359e+02 2.133372e-06 2.677958e-06 1.073186e-03
1100 -4.408529e+01 4.512077e+02 2.964734e-06 1.694052e-06 1.073032e-03
1200 -4.347009e+01 4.506686e+02 1.827075e-06 1.104216e-06 1.073472e-03
1300 -4.429157e+01 4.513878e+02 2.503486e-06 2.497244e-06 1.073120e-03
1400 -4.458583e+01 4.516454e+02 2.822480e-06 2.026372e-06 1.073888e-03
1500 -4.559719e+01 4.525303e+02 3.203745e-06 3.675015e-06 1.073971e-03
1600 -4.483009e+01 4.518579e+02 2.450903e-06 2.084204e-06 1.074709e-03
1700 -4.478724e+01 4.518206e+02 2.666119e-06 2.066039e-06 1.074423e-03
1800 -4.376335e+01 4.509233e+02 1.734327e-06 2.213038e-06 1.073064e-03
1900 -4.431700e+01 4.514084e+02 2.917900e-06 2.733672e-06 1.072519e-03
2000 -4.405372e+01 4.511779e+02 1.703600e-06 3.146313e-06 1.072770e-03
2100 -4.380043e+01 4.509559e+02 2.196342e-06 1.353291e-06 1.073540e-03
2200 -4.408422e+01 4.512047e+02 2.276623e-06 2.272314e-06 1.073135e-03
2300 -4.386334e+01 4.510112e+02 1.180879e-06 3.112233e-06 1.072929e-03
2400 -4.395361e+01 4.510903e+02 1.317660e-06 2.593420e-06 1.073500e-03
2500 -4.336294e+01 4.505728e+02 1.921660e-06 1.376767e-06 1.072876e-03
2600 -4.397341e+01 4.511088e+02 2.790451e-06 2.026438e-06 1.072638e-03
2700 -4.421105e+01 4.513171e+02 2.739984e-06 1.875302e-06 1.073337e-03
2800 -4.475472e+01 4.517939e+02 2.584775e-06 2.791874e-06 1.073715e-03
2900 -4.474992e+01 4.517897e+02 3.297894e-06 2.758181e-06 1.073025e-03
3000 -4.445717e+01 4.515330e+02 1.890224e-06 3.331864e-06 1.073246e-03
3100 -4.395398e+01 4.510928e+02 1.538152e-06 2.773269e-06 1.073105e-03
3200 -4.344410e+01 4.506458e+02 1.265351e-06 2.096693e-06 1.072987e-03
3300 -4.414230e+01 4.512577e+02 1.999963e-06 2.053337e-06 1.073757e-03
3400 -4.402510e+01 4.511544e+02 2.732065e-06 1.625920e-06 1.073206e-03
3500 -4.435216e+01 4.514405e+02 2.881000e-06 1.654256e-06 1.073712e-03
3600 -4.391467e+01 4.510570e+02 1.693697e-06 2.441457e-06 1.073196e-03
3700 -4.396173e+01 4.510982e+02 2.160337e-06 2.985867e-06 1.072283e-03
3800 -4.382849e+01 4.509813e+02 2.234178e-06 2.858900e-06 1.072057e-03
3900 -4.406992e+01 4.511928e+02 1.917337e-06 2.746916e-06 1.072991e-03
4000 -4.447920e+01 4.515515e+02 2.654406e-06 2.761494e-06 1.073096e-03
4100 -4.434098e+01 4.514304e+02 1.937942e-06 2.786443e-06 1.073499e-03
4200 -4.417881e+01 4.512889e+02 2.578749e-06 2.188132e-06 1.073118e-03
4300 -4.398359e+01 4.511178e+02 2.017818e-06 2.439776e-06 1.073019e-03
4400 -4.377260e+01 4.509328e+02 1.539843e-06 2.650885e-06 1.072844e-03
4500 -4.391330e+01 4.510562e+02 1.580679e-06 2.560909e-06 1.073188e-03
4600 -4.380160e+01 4.509583e+02 2.250220e-06 1.801787e-06 1.073043e-03
4700 -4.369229e+01 4.508624e+02 2.381485e-06 1.297857e-06 1.073187e-03
4800 -4.414649e+01 4.512601e+02 2.021829e-06 2.768776e-06 1.073026e-03
4900 -4.388556e+01 4.510318e+02 1.656016e-06 2.404886e-06 1.073210e-03
5000 -4.391487e+01 4.510574e+02 2.082519e-06 2.539891e-06 1.072710e-03
5100 -4.401136e+01 4.511419e+02 1.667904e-06 2.559099e-06 1.073307e-03
5200 -4.374431e+01 4.509082e+02 2.156759e-06 2.393524e-06 1.072425e-03
5300 -4.439218e+01 4.514784e+02 2.530956e-06 2.010659e-06 1.073796e-03
5400 -4.360274e+01 4.507864e+02 1.768420e-06 1.521684e-06 1.073395e-03
5500 -4.412327e+01 4.512431e+02 1.988917e-06 2.149787e-06 1.073637e-03
5600 -4.399412e+01 4.511308e+02 1.887073e-06 2.725499e-06 1.072895e-03
5700 -4.379728e+01 4.509598e+02 2.199124e-06 1.491514e-06 1.073408e-03
5800 -4.440924e+01 4.514961e+02 2.688886e-06 2.664934e-06 1.073026e-03
5900 -4.403103e+01 4.511631e+02 2.779964e-06 1.943832e-06 1.072861e-03
6000 -4.405801e+01 4.511868e+02 1.967368e-06 2.438999e-06 1.073235e-03
6100 -4.384795e+01 4.510027e+02 1.302255e-06 2.864974e-06 1.073034e-03
6200 -4.388713e+01 4.510372e+02 1.836840e-06 2.033118e-06 1.073414e-03
6300 -4.437025e+01 4.514607e+02 3.130117e-06 2.482763e-06 1.072683e-03
6400 -4.348546e+01 4.506845e+02 1.626923e-06 2.024874e-06 1.072790e-03
6500 -4.327230e+01 4.504988e+02 1.045234e-06 1.887284e-06 1.073065e-03
6600 -4.333873e+01 4.505570e+02 1.733033e-06 1.437371e-06 1.072967e-03
6700 -4.409180e+01 4.512171e+02 1.929634e-06 2.775368e-06 1.073008e-03
6800 -4.457637e+01 4.516415e+02 2.816562e-06 2.435338e-06 1.073475e-03
6900 -4.429128e+01 4.513916e+02 3.102677e-06 1.807643e-06 1.073220e-03
7000 -4.396803e+01 4.511078e+02 2.193608e-06 2.516119e-06 1.072743e-03
7100 -4.428600e+01 4.513878e+02 2.225920e-06 2.604564e-06 1.073291e-03
7200 -4.438609e+01 4.514759e+02 1.707761e-06 2.357985e-06 1.074266e-03
7300 -4.460172e+01 4.516645e+02 2.436509e-06 2.748666e-06 1.073597e-03
7400 -4.356494e+01 4.507562e+02 2.156912e-06 1.745700e-06 1.072710e-03
7500 -4.413176e+01 4.512543e+02 2.683673e-06 1.436100e-06 1.073683e-03
7600 -4.444530e+01 4.515293e+02 2.564294e-06 2.967450e-06 1.072928e-03
7700 -4.451457e+01 4.515899e+02 3.508553e-06 1.738135e-06 1.073357e-03
7800 -4.415047e+01 4.512703e+02 2.762021e-06 2.117048e-06 1.072961e-03
7900 -4.436254e+01 4.514567e+02 2.997712e-06 2.368603e-06 1.072920e-03
8000 -4.421144e+01 4.513244e+02 3.029946e-06 1.915527e-06 1.073024e-03
8100 -4.389276e+01 4.510453e+02 2.115541e-06 2.235527e-06 1.072952e-03
8200 -4.381146e+01 4.509740e+02 2.077169e-06 1.928161e-06 1.073128e-03
8300 -4.397805e+01 4.511200e+02 2.421750e-06 2.235649e-06 1.072824e-03
8400 -4.370691e+01 4.508829e+02 1.600653e-06 2.322664e-06 1.072992e-03
8500 -4.432373e+01 4.514230e+02 1.497594e-06 2.587543e-06 1.074120e-03
8600 -4.403517e+01 4.511700e+02 2.391292e-06 2.576753e-06 1.072633e-03
8700 -4.453293e+01 4.516064e+02 3.299636e-06 2.387756e-06 1.072956e-03
8800 -4.398757e+01 4.511282e+02 2.728930e-06 2.342035e-06 1.072430e-03
8900 -4.467114e+01 4.517273e+02 3.389687e-06 2.335381e-06 1.073207e-03
9000 -4.406472e+01 4.511960e+02 1.866597e-06 2.089958e-06 1.073707e-03
9100 -4.440803e+01 4.514969e+02 2.459354e-06 2.615153e-06 1.073307e-03
9200 -4.426825e+01 4.513741e+02 2.573297e-06 2.479716e-06 1.073036e-03
9300 -4.404349e+01 4.511768e+02 1.839987e-06 2.737326e-06 1.073040e-03
9400 -4.398388e+01 4.511236e+02 2.239850e-06 2.318744e-06 1.072932e-03
9500 -4.346839e+01 4.506719e+02 1.780543e-06 1.941410e-06 1.072689e-03
9600 -4.365642e+01 4.508368e+02 1.901561e-06 2.213593e-06 1.072690e-03
9700 -4.385712e+01 4.510131e+02 2.105829e-06 1.860379e-06 1.073260e-03
9800 -4.399013e+01 4.511291e+02 2.380164e-06 1.457451e-06 1.073666e-03
9900 -4.418907e+01 4.513038e+02 2.373887e-06 1.981546e-06 1.073565e-03
10000 -4.542740e+01 4.523892e+02 3.170703e-06 2.545804e-06 1.074796e-03
10100 -4.527862e+01 4.522587e+02 1.784048e-06 3.617997e-06 1.074799e-03
10200 -4.545325e+01 4.524118e+02 3.146354e-06 3.692386e-06 1.073728e-03
10300 -4.482729e+01 4.518632e+02 2.698621e-06 2.769924e-06 1.073788e-03
10400 -4.430209e+01 4.514025e+02 1.653795e-06 3.430246e-06 1.073072e-03
10500 -4.343923e+01 4.506469e+02 1.719315e-06 1.956370e-06 1.072676e-03
10600 -4.384484e+01 4.510026e+02 1.538505e-06 2.640437e-06 1.073022e-03
10700 -4.433914e+01 4.514350e+02 1.901883e-06 3.401007e-06 1.072931e-03
10800 -4.418822e+01 4.513024e+02 1.773950e-06 3.377544e-06 1.072766e-03
10900 -4.406925e+01 4.511992e+02 2.345753e-06 2.712071e-06 1.072613e-03
11000 -4.393303e+01 4.510798e+02 2.146520e-06 2.266965e-06 1.072972e-03
11100 -4.408107e+01 4.512095e+02 2.825653e-06 1.905365e-06 1.072964e-03
11200 -4.414016e+01 4.512613e+02 2.438807e-06 2.585917e-06 1.072794e-03
11300 -4.383791e+01 4.509963e+02 1.725058e-06 1.907244e-06 1.073554e-03
11400 -4.365854e+01 4.508381e+02 1.421464e-06 2.228296e-06 1.073158e-03
11500 -4.381545e+01 4.509763e+02 2.105329e-06 1.956304e-06 1.073077e-03
11600 -4.421468e+01 4.513262e+02 2.820063e-06 2.601950e-06 1.072552e-03
11700 -4.371781e+01 4.508907e+02 1.678820e-06 1.834135e-06 1.073421e-03
11800 -4.358489e+01 4.507745e+02 2.020296e-06 1.686470e-06 1.072950e-03
11900 -4.420810e+01 4.513206e+02 2.982686e-06 2.184069e-06 1.072794e-03
12000 -4.402525e+01 4.511597e+02 2.127361e-06 2.074068e-06 1.073375e-03
12100 -4.458198e+01 4.516477e+02 2.614389e-06 2.040308e-06 1.074087e-03
12200 -4.374412e+01 4.509134e+02 1.928507e-06 1.106706e-06 1.073953e-03
12300 -4.381745e+01 4.509758e+02 2.789096e-06 2.024141e-06 1.072324e-03
12400 -4.388362e+01 4.510338e+02 2.634401e-06 2.022166e-06 1.072619e-03
12500 -4.382691e+01 4.509841e+02 1.941959e-06 2.941789e-06 1.072273e-03
12600 -4.390288e+01 4.510506e+02 2.230378e-06 2.317483e-06 1.072768e-03
12700 -4.397524e+01 4.511136e+02 2.209863e-06 2.223138e-06 1.073033e-03
12800 -4.428345e+01 4.513839e+02 2.522415e-06 2.366777e-06 1.073223e-03
12900 -4.439560e+01 4.514812e+02 3.089921e-06 2.352946e-06 1.072901e-03
13000 -4.382799e+01 4.509836e+02 1.952431e-06 2.320643e-06 1.072883e-03
13100 -4.376438e+01 4.509268e+02 1.669437e-06 2.385503e-06 1.072965e-03
13200 -4.358091e+01 4.507658e+02 1.520013e-06 2.014865e-06 1.073101e-03
13300 -4.452104e+01 4.515896e+02 3.269413e-06 2.212131e-06 1.073122e-03
13400 -4.394053e+01 4.510808e+02 2.971332e-06 1.797600e-06 1.072619e-03
13500 -4.376751e+01 4.509288e+02 2.249177e-06 1.850703e-06 1.072925e-03
13600 -4.405621e+01 4.511816e+02 2.397115e-06 2.332700e-06 1.072899e-03
13700 -4.455549e+01 4.516191e+02 3.314505e-06 2.220382e-06 1.073139e-03
13800 -4.425388e+01 4.513553e+02 2.501786e-06 2.676331e-06 1.072866e-03
13900 -4.473946e+01 4.517807e+02 2.352905e-06 3.251751e-06 1.073455e-03
14000 -4.384733e+01 4.509988e+02 1.571994e-06 2.566046e-06 1.073054e-03
14100 -4.368680e+01 4.508581e+02 2.169902e-06 2.406172e-06 1.072280e-03
14200 -4.377418e+01 4.509345e+02 1.797106e-06 2.186438e-06 1.073055e-03
14300 -4.433336e+01 4.514243e+02 2.963077e-06 2.297692e-06 1.072948e-03
14400 -4.386257e+01 4.510116e+02 2.707924e-06 1.645319e-06 1.072869e-03
14500 -4.421241e+01 4.513193e+02 2.556202e-06 2.505997e-06 1.072895e-03
14600 -4.369785e+01 4.508683e+02 2.421048e-06 1.776016e-06 1.072683e-03
14700 -4.340499e+01 4.506109e+02 1.834314e-06 1.943514e-06 1.072488e-03
14800 -4.440318e+01 4.514857e+02 1.994465e-06 3.371025e-06 1.072990e-03
14900 -4.408484e+01 4.512080e+02 1.625533e-06 2.751517e-06 1.073315e-03
15000 -4.402823e+01 4.511584e+02 2.832050e-06 1.703930e-06 1.073037e-03
15100 -4.445727e+01 4.515347e+02 2.625143e-06 2.700166e-06 1.073147e-03
15200 -4.438677e+01 4.514729e+02 3.411751e-06 1.717513e-06 1.073195e-03
15300 -4.411299e+01 4.512325e+02 3.016207e-06 1.563421e-06 1.073171e-03
15400 -4.419063e+01 4.513022e+02 2.879104e-06 2.191066e-06 1.072847e-03
15500 -4.440264e+01 4.514901e+02 2.493928e-06 1.780068e-06 1.074092e-03
15600 -4.398005e+01 4.511198e+02 2.132745e-06 1.700210e-06 1.073648e-03
15700 -4.448593e+01 4.515631e+02 2.219277e-06 2.589359e-06 1.073731e-03
15800 -4.449062e+01 4.515721e+02 1.796128e-06 3.377641e-06 1.073388e-03
15900 -4.452629e+01 4.516043e+02 2.215937e-06 2.766787e-06 1.073656e-03
16000 -4.397054e+01 4.511172e+02 2.791399e-06 2.774851e-06 1.071909e-03
16100 -4.424151e+01 4.513550e+02 2.736481e-06 2.841426e-06 1.072465e-03
16200 -4.416238e+01 4.512856e+02 2.933501e-06 2.107163e-06 1.072837e-03
16300 -4.378151e+01 4.509518e+02 2.257067e-06 1.944936e-06 1.072878e-03
16400 -4.384071e+01 4.510043e+02 2.750482e-06 1.578224e-06 1.072877e-03
16500 -4.331862e+01 4.505466e+02 1.473406e-06 2.219228e-06 1.072419e-03
16600 -4.475689e+01 4.518073e+02 3.433011e-06 2.755730e-06 1.072934e-03
16700 -4.456137e+01 4.516360e+02 2.933802e-06 2.522433e-06 1.073258e-03
16800 -4.403267e+01 4.511748e+02 2.824349e-06 2.273546e-06 1.072515e-03
16900 -4.410779e+01 4.512406e+02 3.304687e-06 1.989804e-06 1.072475e-03
17000 -4.359265e+01 4.507892e+02 1.843161e-06 1.928807e-06 1.072920e-03
17100 -4.390562e+01 4.510636e+02 1.438829e-06 2.256113e-06 1.073652e-03
17200 -4.357508e+01 4.507739e+02 2.074259e-06 1.818970e-06 1.072762e-03
17300 -4.398709e+01 4.511349e+02 2.836565e-06 2.216223e-06 1.072464e-03
17400 -4.408356e+01 4.512199e+02 3.051343e-06 2.410571e-06 1.072258e-03
17500 -4.440176e+01 4.514986e+02 2.888268e-06 2.776195e-06 1.072722e-03
17600 -4.435379e+01 4.514571e+02 2.894342e-06 2.804461e-06 1.072588e-03
17700 -4.462163e+01 4.516920e+02 3.905468e-06 2.278093e-06 1.072664e-03
17800 -4.449752e+01 4.515832e+02 3.652564e-06 2.215837e-06 1.072719e-03
17900 -4.428805e+01 4.513997e+02 3.250314e-06 2.308693e-06 1.072591e-03
18000 -4.391007e+01 4.510688e+02 2.293954e-06 1.769795e-06 1.073296e-03
18100 -4.411255e+01 4.512463e+02 1.754497e-06 2.748549e-06 1.073280e-03
18200 -4.407774e+01 4.512158e+02 1.916019e-06 2.555287e-06 1.073239e-03
18300 -4.407159e+01 4.512097e+02 2.183630e-06 2.897149e-06 1.072615e-03
18400 -4.412779e+01 4.512590e+02 3.023568e-06 1.577747e-06 1.073212e-03
18500 -4.386921e+01 4.510323e+02 2.855515e-06 1.635413e-06 1.072781e-03
18600 -4.380574e+01 4.509765e+02 2.073133e-06 2.160673e-06 1.072905e-03
18700 -4.377368e+01 4.509484e+02 1.954331e-06 2.356578e-06 1.072761e-03
18800 -4.347318e+01 4.506850e+02 1.610829e-06 2.110087e-06 1.072722e-03
18900 -4.411886e+01 4.512509e+02 1.680001e-06 2.867576e-06 1.073247e-03
19000 -4.357134e+01 4.507712e+02 1.662744e-06 2.424514e-06 1.072561e-03
19100 -4.443719e+01 4.515305e+02 2.303212e-06 1.822223e-06 1.074337e-03
19200 -4.492351e+01 4.519576e+02 2.728757e-06 2.690682e-06 1.074063e-03
19300 -4.513316e+01 4.521420e+02 3.393876e-06 2.590538e-06 1.073938e-03
19400 -4.402235e+01 4.511685e+02 2.000044e-06 2.401989e-06 1.073195e-03
19500 -4.408105e+01 4.512201e+02 1.784015e-06 2.251623e-06 1.073685e-03
19600 -4.384853e+01 4.510152e+02 2.120210e-06 1.965624e-06 1.073145e-03
19700 -4.410301e+01 4.512386e+02 2.023892e-06 2.313304e-06 1.073428e-03
19800 -4.396245e+01 4.511153e+02 2.324537e-06 2.342106e-06 1.072804e-03
19900 -4.405669e+01 4.511980e+02 1.708114e-06 2.416154e-06 1.073544e-03
20000 -4.422117e+01 4.513419e+02 2.046943e-06 1.604429e-06 1.074360e-03
20100 -4.424868e+01 4.513667e+02 3.347530e-06 1.503290e-06 1.073220e-03
20200 -4.358462e+01 4.507844e+02 2.628657e-06 1.707177e-06 1.072344e-03
20300 -4.380380e+01 4.509770e+02 2.760061e-06 1.573558e-06 1.072807e-03
20400 -4.365748e+01 4.508490e+02 2.207358e-06 1.331876e-06 1.073295e-03
20500 -4.412827e+01 4.512635e+02 2.513147e-06 1.939070e-06 1.073372e-03
20600 -4.397390e+01 4.511280e+02 1.951692e-06 2.881889e-06 1.072667e-03
20700 -4.385066e+01 4.510200e+02 1.863276e-06 2.475245e-06 1.072904e-03
20800 -4.422491e+01 4.513478e+02 1.946489e-06 2.640534e-06 1.073439e-03
20900 -4.377078e+01 4.509501e+02 1.875858e-06 1.659524e-06 1.073540e-03
21000 -4.407809e+01 4.512200e+02 3.268213e-06 1.473071e-06 1.072979e-03
21100 -4.377096e+01 4.509504e+02 2.607261e-06 1.638855e-06 1.072831e-03
21200 -4.362630e+01 4.508235e+02 1.924906e-06 1.627359e-06 1.073221e-03
21300 -4.377202e+01 4.509500e+02 1.919105e-06 1.986341e-06 1.073170e-03
21400 -4.413968e+01 4.512722e+02 1.990739e-06 2.534398e-06 1.073320e-03
21500 -4.394606e+01 4.511026e+02 2.394215e-06 2.490160e-06 1.072556e-03
21600 -4.434222e+01 4.514499e+02 2.424914e-06 2.528906e-06 1.073316e-03
21700 -4.388494e+01 4.510491e+02 2.013844e-06 1.951784e-06 1.073347e-03
21800 -4.384507e+01 4.510141e+02 1.725485e-06 2.910513e-06 1.072593e-03
21900 -4.360862e+01 4.508069e+02 2.116649e-06 2.336343e-06 1.072281e-03
22000 -4.356114e+01 4.507655e+02 1.837578e-06 2.195767e-06 1.072602e-03
22100 -4.342294e+01 4.506444e+02 1.599732e-06 2.060320e-06 1.072686e-03
22200 -4.380784e+01 4.509816e+02 2.311068e-06 1.316887e-06 1.073523e-03
22300 -4.387346e+01 4.510385e+02 1.886184e-06 1.910301e-06 1.073490e-03
22400 -4.370379e+01 4.508896e+02 2.122133e-06 1.977383e-06 1.072832e-03
22500 -4.354520e+01 4.507505e+02 2.327837e-06 2.235350e-06 1.072036e-03
22600 -4.415437e+01 4.512849e+02 2.420580e-06 1.945253e-06 1.073510e-03
22700 -4.407904e+01 4.512188e+02 2.254641e-06 2.105559e-06 1.073357e-03
22800 -4.379423e+01 4.509690e+02 2.527371e-06 1.416844e-06 1.073177e-03
22900 -4.318485e+01 4.504349e+02 1.330904e-06 1.764875e-06 1.072750e-03
23000 -4.347494e+01 4.506892e+02 1.218195e-06 1.907055e-06 1.073328e-03
23100 -4.338944e+01 4.506143e+02 1.579860e-06 1.920936e-06 1.072773e-03
23200 -4.371867e+01 4.509030e+02 1.704108e-06 2.023555e-06 1.073236e-03
23300 -4.402986e+01 4.511756e+02 2.754788e-06 1.474217e-06 1.073385e-03
23400 -4.428369e+01 4.513980e+02 2.473256e-06 2.103757e-06 1.073569e-03
23500 -4.407487e+01 4.512150e+02 2.299399e-06 2.284552e-06 1.073125e-03
23600 -4.371696e+01 4.509015e+02 2.019848e-06 2.047376e-06 1.072892e-03
23700 -4.324837e+01 4.504908e+02 1.923642e-06 1.680235e-06 1.072375e-03
23800 -4.418002e+01 4.513066e+02 2.717923e-06 2.455187e-06 1.072754e-03
23900 -4.398570e+01 4.511364e+02 2.613653e-06 2.086931e-06 1.072820e-03
24000 -4.442840e+01 4.515243e+02 2.391514e-06 3.309247e-06 1.072747e-03
24100 -4.347434e+01 4.506885e+02 2.024260e-06 1.919357e-06 1.072507e-03
24200 -4.304648e+01 4.503135e+02 1.536261e-06 1.529785e-06 1.072489e-03
24300 -4.344422e+01 4.506621e+02 1.893501e-06 2.045130e-06 1.072449e-03
24400 -4.386184e+01 4.510280e+02 3.042500e-06 2.277058e-06 1.071942e-03
24500 -4.383020e+01 4.509999e+02 2.262203e-06 2.506638e-06 1.072426e-03
24600 -4.446070e+01 4.515526e+02 2.269676e-06 2.877251e-06 1.073368e-03
24700 -4.354276e+01 4.507482e+02 1.600210e-06 1.684591e-06 1.073309e-03
24800 -4.450858e+01 4.515944e+02 2.527956e-06 2.515705e-06 1.073571e-03
24900 -4.459295e+01 4.516683e+02 2.398862e-06 2.023771e-06 1.074369e-03
25000 -4.462135e+01 4.516932e+02 3.029537e-06 2.898065e-06 1.072923e-03
25100 -4.418967e+01 4.513148e+02 2.261144e-06 2.318453e-06 1.073367e-03
25200 -4.481943e+01 4.518667e+02 2.527201e-06 2.300654e-06 1.074437e-03
25300 -4.372352e+01 4.509063e+02 2.483120e-06 2.157695e-06 1.072330e-03
25400 -4.419442e+01 4.513190e+02 2.756645e-06 2.020355e-06 1.073180e-03
25500 -4.429171e+01 4.514038e+02 3.131628e-06 2.269358e-06 1.072758e-03
25600 -4.374683e+01 4.509262e+02 2.296498e-06 2.485730e-06 1.072236e-03
25700 -4.347520e+01 4.506884e+02 2.313193e-06 2.014174e-06 1.072123e-03
25800 -4.308297e+01 4.503445e+02 1.234407e-06 2.104518e-06 1.072290e-03
25900 -4.356584e+01 4.507677e+02 1.881845e-06 2.438976e-06 1.072319e-03
26000 -4.357721e+01 4.507776e+02 1.877113e-06 1.842237e-06 1.072945e-03
26100 -4.342286e+01 4.506427e+02 1.963296e-06 1.560425e-06 1.072818e-03
26200 -4.374072e+01 4.509213e+02 2.099111e-06 2.489084e-06 1.072419e-03
26300 -4.348999e+01 4.507016e+02 2.548101e-06 1.645275e-06 1.072289e-03
26400 -4.369452e+01 4.508807e+02 2.588885e-06 1.547674e-06 1.072774e-03
26500 -4.372731e+01 4.509095e+02 2.244776e-06 1.753363e-06 1.072981e-03
26600 -4.405765e+01 4.511993e+02 2.230302e-06 2.259395e-06 1.073181e-03
26700 -4.379187e+01 4.509664e+02 1.700468e-06 2.085415e-06 1.073329e-03
26800 -4.326455e+01 4.505037e+02 1.750437e-06 1.896448e-06 1.072363e-03
26900 -4.284625e+01 4.501367e+02 1.510512e-06 1.170239e-06 1.072452e-03
27000 -4.338269e+01 4.506071e+02 1.795440e-06 1.592212e-06 1.072869e-03
27100 -4.414811e+01 4.512779e+02 1.824066e-06 2.503933e-06 1.073531e-03
27200 -4.399490e+01 4.511433e+02 2.541143e-06 1.749840e-06 1.073246e-03
27300 -4.372039e+01 4.509025e+02 2.187465e-06 2.393335e-06 1.072381e-03
27400 -4.341128e+01 4.506319e+02 2.475048e-06 1.452979e-06 1.072388e-03
27500 -4.373578e+01 4.509160e+02 2.174348e-06 2.015423e-06 1.072805e-03
27600 -4.423103e+01 4.513502e+02 1.960347e-06 2.772708e-06 1.073298e-03
27700 -4.379913e+01 4.509716e+02 2.466357e-06 2.175014e-06 1.072486e-03
27800 -4.366724e+01 4.508561e+02 2.156478e-06 1.760397e-06 1.072934e-03
27900 -4.360485e+01 4.508014e+02 2.130879e-06 1.653100e-06 1.072937e-03
28000 -4.353464e+01 4.507390e+02 2.018003e-06 1.846089e-06 1.072708e-03
28100 -4.410180e+01 4.512361e+02 2.105348e-06 2.226364e-06 1.073427e-03
28200 -4.421727e+01 4.513374e+02 1.980902e-06 2.629036e-06 1.073391e-03
28300 -4.400969e+01 4.511561e+02 2.621717e-06 1.957664e-06 1.072988e-03
28400 -4.371970e+01 4.509021e+02 2.163766e-06 2.282789e-06 1.072514e-03
28500 -4.395963e+01 4.511123e+02 2.578468e-06 1.981032e-06 1.072904e-03
28600 -4.369122e+01 4.508771e+02 2.361445e-06 2.014369e-06 1.072526e-03
28700 -4.374324e+01 4.509231e+02 2.160985e-06 2.287267e-06 1.072563e-03
28800 -4.336265e+01 4.505895e+02 2.094814e-06 1.139199e-06 1.072980e-03
28900 -4.352355e+01 4.507307e+02 2.275559e-06 2.031552e-06 1.072245e-03
29000 -4.357075e+01 4.507725e+02 2.362377e-06 2.223088e-06 1.072066e-03
29100 -4.435744e+01 4.514620e+02 2.571311e-06 1.927711e-06 1.073799e-03
29200 -4.432024e+01 4.514297e+02 2.980654e-06 2.441236e-06 1.072799e-03
29300 -4.370818e+01 4.508936e+02 2.853552e-06 1.671501e-06 1.072416e-03
29400 -4.453479e+01 4.516180e+02 3.164157e-06 2.047282e-06 1.073460e-03
29500 -4.446875e+01 4.515602e+02 2.294063e-06 1.884436e-06 1.074354e-03
29600 -4.474333e+01 4.518008e+02 2.721067e-06 2.642684e-06 1.073744e-03
29700 -4.395995e+01 4.511145e+02 2.320046e-06 1.951965e-06 1.073196e-03
29800 -4.402873e+01 4.511748e+02 1.717814e-06 2.422665e-06 1.073472e-03
29900 -4.432728e+01 4.514366e+02 2.502688e-06 2.300462e-06 1.073435e-03
30000 -4.439268e+01 4.514939e+02 2.662243e-06 3.238683e-06 1.072474e-03
30100 -4.417753e+01 4.513055e+02 2.242890e-06 3.447625e-06 1.072234e-03
30200 -4.380737e+01 4.509810e+02 2.565682e-06 1.943437e-06 1.072641e-03
30300 -4.449763e+01 4.515862e+02 1.994610e-06 2.666472e-06 1.073934e-03
30400 -4.414393e+01 4.512762e+02 2.484955e-06 2.627558e-06 1.072742e-03
30500 -4.373243e+01 4.509163e+02 1.884557e-06 2.421377e-06 1.072689e-03
30600 -4.351316e+01 4.507246e+02 2.249967e-06 1.281341e-06 1.073006e-03
30700 -4.345496e+01 4.506735e+02 2.321731e-06 1.801821e-06 1.072292e-03
30800 -4.448248e+01 4.515743e+02 2.042510e-06 2.777681e-06 1.073746e-03
30900 -4.451748e+01 4.516049e+02 2.791304e-06 2.382780e-06 1.073466e-03
31000 -4.432117e+01 4.514328e+02 2.947983e-06 2.114421e-06 1.073166e-03
31100 -4.379831e+01 4.509749e+02 2.330830e-06 2.102775e-06 1.072701e-03
31200 -4.375855e+01 4.509407e+02 1.971476e-06 2.347079e-06 1.072735e-03
31300 -4.390049e+01 4.510653e+02 3.039042e-06 1.795047e-06 1.072517e-03
31400 -4.413692e+01 4.512717e+02 3.659071e-06 1.426741e-06 1.072758e-03
31500 -4.417414e+01 4.513039e+02 2.478929e-06 1.942490e-06 1.073499e-03
31600 -4.458775e+01 4.516664e+02 2.680863e-06 3.201662e-06 1.072904e-03
31700 -4.386100e+01 4.510296e+02 1.919631e-06 2.319356e-06 1.073027e-03
31800 -4.375572e+01 4.509372e+02 2.175846e-06 2.261011e-06 1.072608e-03
31900 -4.374494e+01 4.509277e+02 1.728542e-06 2.988193e-06 1.072306e-03
32000 -4.447903e+01 4.515706e+02 2.819473e-06 3.002274e-06 1.072736e-03
32100 -4.448881e+01 4.515792e+02 3.256405e-06 2.918916e-06 1.072403e-03
32200 -4.428853e+01 4.514057e+02 2.362259e-06 2.646660e-06 1.073155e-03
32300 -4.416309e+01 4.512954e+02 1.913780e-06 2.047461e-06 1.073939e-03
32400 -4.342484e+01 4.506488e+02 2.294936e-06 1.670127e-06 1.072391e-03
32500 -4.430485e+01 4.514201e+02 3.465162e-06 2.297657e-06 1.072436e-03
32600 -4.476547e+01 4.518238e+02 2.897572e-06 2.403964e-06 1.073861e-03
32700 -4.455632e+01 4.516407e+02 2.430228e-06 2.570168e-06 1.073725e-03
32800 -4.449656e+01 4.515888e+02 2.808307e-06 2.183944e-06 1.073609e-03
32900 -4.368723e+01 4.508796e+02 1.733998e-06 2.737764e-06 1.072436e-03
33000 -4.367524e+01 4.508693e+02 1.852169e-06 2.087563e-06 1.072943e-03
33100 -4.447473e+01 4.515698e+02 2.633996e-06 2.771720e-06 1.073150e-03
33200 -4.420439e+01 4.513322e+02 1.826850e-06 2.019917e-06 1.074142e-03
33300 -4.401952e+01 4.511703e+02 1.809866e-06 2.441940e-06 1.073350e-03
33400 -4.457458e+01 4.516579e+02 2.662487e-06 2.504722e-06 1.073599e-03
33500 -4.508301e+01 4.521044e+02 2.734331e-06 2.966522e-06 1.074132e-03
33600 -4.440855e+01 4.515135e+02 2.742765e-06 2.340758e-06 1.073338e-03
33700 -4.407206e+01 4.512198e+02 2.228304e-06 2.190232e-06 1.073301e-03
33800 -4.388873e+01 4.510594e+02 2.100650e-06 2.260572e-06 1.072976e-03
33900 -4.369421e+01 4.508896e+02 2.025059e-06 2.134433e-06 1.072772e-03
34000 -4.367172e+01 4.508708e+02 2.425793e-06 1.944063e-06 1.072517e-03
34100 -4.313756e+01 4.504025e+02 1.997846e-06 1.364345e-06 1.072406e-03
34200 -4.346487e+01 4.506893e+02 2.789832e-06 1.249737e-06 1.072413e-03
34300 -4.333799e+01 4.505781e+02 2.047557e-06 1.656291e-06 1.072483e-03
34400 -4.404011e+01 4.511935e+02 2.322496e-06 2.208413e-06 1.073126e-03
34500 -4.405571e+01 4.512071e+02 3.227318e-06 1.803441e-06 1.072659e-03
34600 -4.383869e+01 4.510172e+02 2.212772e-06 1.979257e-06 1.073044e-03
34700 -4.408269e+01 4.512311e+02 2.312927e-06 1.715580e-06 1.073719e-03
34800 -4.363844e+01 4.508416e+02 1.387909e-06 1.808077e-06 1.073621e-03
34900 -4.389740e+01 4.510687e+02 1.355553e-06 2.813969e-06 1.073189e-03
35000 -4.368795e+01 4.508854e+02 2.385422e-06 1.623241e-06 1.072913e-03
35100 -4.387652e+01 4.510508e+02 2.596570e-06 1.935064e-06 1.072785e-03
35200 -4.371392e+01 4.509082e+02 2.186164e-06 2.467965e-06 1.072322e-03
35300 -4.420992e+01 4.513426e+02 2.326899e-06 2.087610e-06 1.073599e-03
35400 -4.425624e+01 4.513824e+02 2.976484e-06 2.050853e-06 1.073081e-03
35500 -4.504906e+01 4.520772e+02 2.856782e-06 2.741482e-06 1.074170e-03
35600 -4.476922e+01 4.518318e+02 2.846960e-06 2.450212e-06 1.073885e-03
35700 -4.434134e+01 4.514576e+02 2.717910e-06 2.617770e-06 1.072952e-03
35800 -4.422358e+01 4.513542e+02 2.351903e-06 2.664243e-06 1.073025e-03
35900 -4.349047e+01 4.507117e+02 2.098527e-06 2.054329e-06 1.072354e-03
36000 -4.376269e+01 4.509506e+02 2.126718e-06 2.063512e-06 1.072887e-03
36100 -4.459393e+01 4.516790e+02 2.785023e-06 2.590870e-06 1.073441e-03
36200 -4.402509e+01 4.511816e+02 1.874629e-06 2.933523e-06 1.072821e-03
36300 -4.456039e+01 4.516505e+02 2.175628e-06 3.770480e-06 1.072803e-03
36400 -4.401988e+01 4.511768e+02 1.628646e-06 2.649753e-06 1.073339e-03
36500 -4.364110e+01 4.508458e+02 1.707138e-06 1.799780e-06 1.073320e-03
36600 -4.416422e+01 4.513042e+02 1.284546e-06 2.432397e-06 1.074205e-03
36700 -4.477343e+01 4.518402e+02 1.944384e-06 3.292659e-06 1.073965e-03
36800 -4.486058e+01 4.519170e+02 3.291469e-06 2.678294e-06 1.073415e-03
36900 -4.507844e+01 4.521079e+02 2.440869e-06 2.834350e-06 1.074566e-03
37000 -4.420130e+01 4.513395e+02 1.891880e-06 2.224121e-06 1.073890e-03
37100 -4.448690e+01 4.515897e+02 1.763564e-06 2.604855e-06 1.074235e-03
37200 -4.518780e+01 4.522040e+02 3.543705e-06 2.221267e-06 1.074306e-03
37300 -4.490426e+01 4.519535e+02 4.315478e-06 2.562803e-06 1.072594e-03
37400 -4.503678e+01 4.520694e+02 2.152763e-06 3.668656e-06 1.073928e-03
37500 -4.419492e+01 4.513330e+02 2.344323e-06 2.413913e-06 1.073232e-03
37600 -4.391946e+01 4.510917e+02 1.817688e-06 2.369929e-06 1.073226e-03
37700 -4.378939e+01 4.509773e+02 2.026660e-06 2.038533e-06 1.073076e-03
37800 -4.377299e+01 4.509628e+02 2.235071e-06 2.054531e-06 1.072816e-03
37900 -4.354235e+01 4.507606e+02 1.544170e-06 2.087493e-06 1.072992e-03
38000 -4.363386e+01 4.508408e+02 1.859058e-06 1.472164e-06 1.073484e-03
38100 -4.347515e+01 4.507017e+02 1.941210e-06 1.673245e-06 1.072868e-03
38200 -4.316972e+01 4.504339e+02 1.551814e-06 1.077376e-06 1.073214e-03
38300 -4.382954e+01 4.510130e+02 2.478240e-06 2.004004e-06 1.072744e-03
38400 -4.455924e+01 4.516525e+02 2.491288e-06 2.573262e-06 1.073689e-03
38500 -4.472128e+01 4.517944e+02 3.328537e-06 2.493162e-06 1.073271e-03
38600 -4.458179e+01 4.516722e+02 2.598044e-06 2.533530e-06 1.073669e-03
38700 -4.410780e+01 4.512561e+02 1.823758e-06 3.043933e-06 1.072939e-03
38800 -4.394333e+01 4.511118e+02 1.723984e-06 2.948783e-06 1.072789e-03
38900 -4.427257e+01 4.514003e+02 2.108498e-06 3.149874e-06 1.072893e-03
39000 -4.487805e+01 4.519311e+02 2.049050e-06 3.568575e-06 1.073801e-03
39100 -4.441366e+01 4.515239e+02 1.641121e-06 2.812081e-06 1.073993e-03
39200 -4.457678e+01 4.516665e+02 2.346603e-06 2.905645e-06 1.073535e-03
39300 -4.405570e+01 4.512067e+02 1.904507e-06 2.558328e-06 1.073226e-03
39400 -4.344386e+01 4.506701e+02 1.222518e-06 1.910277e-06 1.073274e-03
39500 -4.376786e+01 4.509541e+02 2.106356e-06 2.443356e-06 1.072536e-03
39600 -4.363355e+01 4.508369e+02 2.045373e-06 2.406079e-06 1.072354e-03
39700 -4.407876e+01 4.512260e+02 1.359996e-06 2.909507e-06 1.073465e-03
39800 -4.477678e+01 4.518382e+02 2.607225e-06 2.600176e-06 1.073990e-03
39900 -4.449397e+01 4.515892e+02 2.195790e-06 3.305928e-06 1.073101e-03
40000 -4.382878e+01 4.510063e+02 2.149166e-06 2.046895e-06 1.073014e-03
40100 -4.424387e+01 4.513701e+02 2.089275e-06 2.653798e-06 1.073336e-03
40200 -4.441639e+01 4.515202e+02 2.591593e-06 2.232579e-06 1.073613e-03
40300 -4.444444e+01 4.515479e+02 2.230053e-06 2.096833e-06 1.074177e-03
40400 -4.373775e+01 4.509284e+02 1.772127e-06 2.053511e-06 1.073198e-03
40500 -4.311720e+01 4.503833e+02 1.601877e-06 1.901988e-06 1.072218e-03
40600 -4.426894e+01 4.513923e+02 1.941249e-06 3.031169e-06 1.073160e-03
40700 -4.416419e+01 4.513005e+02 2.103914e-06 2.088291e-06 1.073721e-03
40800 -4.465721e+01 4.517328e+02 2.204349e-06 2.863260e-06 1.073878e-03
40900 -4.433924e+01 4.514534e+02 2.074776e-06 2.801307e-06 1.073402e-03
41000 -4.414052e+01 4.512791e+02 2.675747e-06 2.475743e-06 1.072710e-03
41100 -4.440338e+01 4.515093e+02 2.524953e-06 2.942830e-06 1.072944e-03
41200 -4.422772e+01 4.513555e+02 2.394038e-06 2.084695e-06 1.073565e-03
41300 -4.439879e+01 4.515024e+02 1.968155e-06 3.387165e-06 1.073040e-03
41400 -4.482710e+01 4.518777e+02 2.780461e-06 2.966412e-06 1.073544e-03
41500 -4.432351e+01 4.514368e+02 2.057743e-06 2.991945e-06 1.073189e-03
41600 -4.493791e+01 4.519747e+02 3.134485e-06 3.282114e-06 1.073106e-03
41700 -4.461942e+01 4.516953e+02 3.497037e-06 2.189834e-06 1.073169e-03
41800 -4.567807e+01 4.526228e+02 4.409556e-06 3.012915e-06 1.073649e-03
41900 -4.513350e+01 4.521454e+02 4.105482e-06 2.383878e-06 1.073441e-03
42000 -4.548094e+01 4.524513e+02 4.028105e-06 2.574778e-06 1.074059e-03
42100 -4.493871e+01 4.519759e+02 3.548257e-06 2.307513e-06 1.073670e-03
42200 -4.479474e+01 4.518506e+02 3.693757e-06 2.620604e-06 1.072912e-03
42300 -4.477420e+01 4.518333e+02 3.156820e-06 3.139338e-06 1.072889e-03
42400 -4.465649e+01 4.517314e+02 3.441883e-06 2.900571e-06 1.072599e-03
42500 -4.368302e+01 4.508782e+02 2.698975e-06 1.949648e-06 1.072255e-03
42600 -4.389636e+01 4.510645e+02 2.101929e-06 1.307347e-06 1.073940e-03
42700 -4.376258e+01 4.509472e+02 1.894284e-06 1.603471e-06 1.073571e-03
42800 -4.436914e+01 4.514790e+02 1.945116e-06 3.245309e-06 1.073149e-03
42900 -4.444703e+01 4.515473e+02 2.136761e-06 3.147674e-06 1.073218e-03
43000 -4.451262e+01 4.516047e+02 2.152543e-06 3.064872e-06 1.073422e-03
43100 -4.458805e+01 4.516698e+02 2.259318e-06 2.506934e-06 1.074028e-03
43200 -4.445346e+01 4.515524e+02 3.311825e-06 1.727795e-06 1.073475e-03
43300 -4.448647e+01 4.515809e+02 2.146682e-06 3.076176e-06 1.073360e-03
43400 -4.382160e+01 4.509986e+02 2.120633e-06 2.363974e-06 1.072707e-03
43500 -4.386684e+01 4.510375e+02 2.597364e-06 2.620119e-06 1.072067e-03
43600 -4.399500e+01 4.511503e+02 2.424659e-06 1.861501e-06 1.073268e-03
43700 -4.386592e+01 4.510375e+02 2.422522e-06 1.489764e-06 1.073372e-03
43800 -4.374178e+01 4.509288e+02 2.305654e-06 1.655118e-06 1.073064e-03
43900 -4.414885e+01 4.512855e+02 2.168938e-06 2.220651e-06 1.073487e-03
44000 -4.379111e+01 4.509720e+02 1.362231e-06 3.439637e-06 1.072326e-03
44100 -4.423673e+01 4.513623e+02 2.281841e-06 3.478013e-06 1.072300e-03
44200 -4.391648e+01 4.510825e+02 2.459799e-06 2.054807e-06 1.072878e-03
44300 -4.379977e+01 4.509802e+02 3.118748e-06 1.751485e-06 1.072278e-03
44400 -4.386084e+01 4.510337e+02 2.841507e-06 1.865043e-06 1.072569e-03
44500 -4.348778e+01 4.507068e+02 1.922670e-06 1.647533e-06 1.072924e-03
44600 -4.380475e+01 4.509846e+02 2.298094e-06 1.887977e-06 1.072972e-03
44700 -4.427743e+01 4.513988e+02 2.608027e-06 2.121420e-06 1.073418e-03
44800 -4.449880e+01 4.515926e+02 2.895609e-06 2.095572e-06 1.073619e-03
44900 -4.425301e+01 4.513775e+02 2.492120e-06 2.838017e-06 1.072767e-03
45000 -4.413129e+01 4.512706e+02 2.180192e-06 2.052980e-06 1.073608e-03
45100 -4.457756e+01 4.516605e+02 3.345826e-06 2.590868e-06 1.072836e-03
45200 -4.482289e+01 4.518751e+02 2.905059e-06 3.499731e-06 1.072880e-03
45300 -4.501083e+01 4.520391e+02 2.658467e-06 3.830107e-06 1.073188e-03
45400 -4.472817e+01 4.517916e+02 2.375977e-06 3.174022e-06 1.073536e-03
45500 -4.472311e+01 4.517872e+02 2.759805e-06 2.472947e-06 1.073842e-03
45600 -4.420852e+01 4.513361e+02 3.191277e-06 2.092958e-06 1.072714e-03
45700 -4.455001e+01 4.516353e+02 2.538137e-06 3.310390e-06 1.072864e-03
45800 -4.427456e+01 4.513938e+02 2.150700e-06 3.353409e-06 1.072631e-03
45900 -4.371145e+01 4.509014e+02 1.909407e-06 2.349903e-06 1.072700e-03
46000 -4.423302e+01 4.513585e+02 2.527219e-06 2.231404e-06 1.073293e-03
46100 -4.451809e+01 4.516086e+02 3.062979e-06 2.802655e-06 1.072783e-03
46200 -4.501896e+01 4.520472e+02 3.832089e-06 3.580976e-06 1.072283e-03
46300 -4.537650e+01 4.523610e+02 3.257929e-06 2.593729e-06 1.074594e-03
46400 -4.439273e+01 4.514987e+02 3.116672e-06 2.080204e-06 1.073189e-03
46500 -4.426678e+01 4.513885e+02 2.345613e-06 2.913267e-06 1.072864e-03
46600 -4.446606e+01 4.515643e+02 1.735853e-06 3.887622e-06 1.072919e-03
46700 -4.427006e+01 4.513929e+02 2.290006e-06 1.822646e-06 1.074021e-03
46800 -4.388338e+01 4.510543e+02 3.124978e-06 1.521994e-06 1.072678e-03
46900 -4.392155e+01 4.510880e+02 2.880526e-06 1.936951e-06 1.072588e-03
47000 -4.433904e+01 4.514539e+02 1.814698e-06 2.417188e-06 1.074047e-03
47100 -4.443023e+01 4.515335e+02 2.167779e-06 2.286330e-06 1.074015e-03
47200 -4.436975e+01 4.514799e+02 2.428638e-06 1.640809e-06 1.074272e-03
47300 -4.374571e+01 4.509329e+02 2.669632e-06 1.709672e-06 1.072655e-03
47400 -4.439925e+01 4.515057e+02 2.876767e-06 2.709941e-06 1.072816e-03
47500 -4.452947e+01 4.516193e+02 3.330919e-06 2.791999e-06 1.072551e-03
47600 -4.507367e+01 4.520979e+02 3.003329e-06 3.243293e-06 1.073571e-03
47700 -4.556300e+01 4.525272e+02 5.345347e-06 2.209985e-06 1.073287e-03
47800 -4.448730e+01 4.515842e+02 3.656551e-06 2.001108e-06 1.072933e-03
47900 -4.415188e+01 4.512904e+02 2.968631e-06 1.596303e-06 1.073324e-03
48000 -4.382144e+01 4.510010e+02 2.655775e-06 1.383647e-06 1.073158e-03
48100 -4.381579e+01 4.509960e+02 2.057230e-06 2.236086e-06 1.072892e-03
48200 -4.400563e+01 4.511624e+02 2.127841e-06 2.313789e-06 1.073141e-03
48300 -4.529514e+01 4.522916e+02 3.180334e-06 2.717021e-06 1.074383e-03
48400 -4.506847e+01 4.520929e+02 2.237625e-06 2.545783e-06 1.075022e-03
48500 -4.482657e+01 4.518810e+02 3.004313e-06 2.841922e-06 1.073453e-03
48600 -4.494107e+01 4.519811e+02 3.304411e-06 2.559091e-06 1.073675e-03
48700 -4.432777e+01 4.514436e+02 2.203259e-06 2.926338e-06 1.073125e-03
48800 -4.513871e+01 4.521535e+02 3.097458e-06 3.386797e-06 1.073466e-03
48900 -4.438312e+01 4.514916e+02 1.942035e-06 3.195789e-06 1.073231e-03
49000 -4.401642e+01 4.511704e+02 1.646776e-06 2.441488e-06 1.073514e-03
49100 -4.451481e+01 4.516071e+02 2.613292e-06 2.408930e-06 1.073623e-03
49200 -4.465493e+01 4.517296e+02 3.494323e-06 2.179891e-06 1.073264e-03
49300 -4.522220e+01 4.522268e+02 3.499299e-06 2.413064e-06 1.074213e-03
49400 -4.569729e+01 4.526431e+02 2.599444e-06 4.613536e-06 1.073906e-03
49500 -4.534884e+01 4.523374e+02 2.958556e-06 3.592288e-06 1.073838e-03
49600 -4.550564e+01 4.524747e+02 4.097522e-06 2.859610e-06 1.073760e-03
49700 -4.468891e+01 4.517589e+02 3.755812e-06 1.768324e-06 1.073483e-03
49800 -4.424930e+01 4.513745e+02 2.593068e-06 3.022339e-06 1.072474e-03
49900 -4.442850e+01 4.515315e+02 3.321743e-06 2.383900e-06 1.072759e-03
50000 -4.407578e+01 4.512224e+02 2.426411e-06 1.914791e-06 1.073385e-03
50100 -4.532436e+01 4.523166e+02 3.869483e-06 2.355750e-06 1.074114e-03
50200 -4.520902e+01 4.522151e+02 2.934749e-06 3.147715e-06 1.074015e-03
50300 -4.563218e+01 4.525863e+02 4.005339e-06 3.091450e-06 1.073887e-03
50400 -4.450535e+01 4.515992e+02 2.739859e-06 3.131164e-06 1.072755e-03
50500 -4.444420e+01 4.515456e+02 2.406248e-06 3.523606e-06 1.072568e-03
50600 -4.385681e+01 4.510298e+02 1.980886e-06 2.087649e-06 1.073198e-03
50700 -4.447903e+01 4.515765e+02 2.598481e-06 2.158197e-06 1.073815e-03
50800 -4.465249e+01 4.517287e+02 1.952086e-06 3.178944e-06 1.073804e-03
50900 -4.370758e+01 4.509006e+02 1.890804e-06 1.462188e-06 1.073604e-03
51000 -4.422233e+01 4.513522e+02 1.966986e-06 2.930640e-06 1.073138e-03
51100 -4.421265e+01 4.513437e+02 1.958573e-06 2.639522e-06 1.073418e-03
51200 -4.506006e+01 4.520866e+02 2.706235e-06 3.146390e-06 1.073938e-03
51300 -4.555489e+01 4.525202e+02 3.405381e-06 3.119354e-06 1.074301e-03
51400 -4.593534e+01 4.528536e+02 3.598660e-06 3.515296e-06 1.074508e-03
51500 -4.601432e+01 4.529215e+02 3.353442e-06 3.169236e-06 1.075262e-03
51600 -4.511026e+01 4.521305e+02 2.450468e-06 3.716373e-06 1.073728e-03
51700 -4.517061e+01 4.521834e+02 1.744918e-06 2.666713e-06 1.075610e-03
51800 -4.497231e+01 4.520099e+02 3.140463e-06 2.528299e-06 1.073938e-03
51900 -4.508333e+01 4.521073e+02 3.070525e-06 3.164890e-06 1.073604e-03
52000 -4.535807e+01 4.523459e+02 2.824809e-06 2.722685e-06 1.074862e-03
52100 -4.466730e+01 4.517400e+02 2.331069e-06 2.270096e-06 1.074361e-03
52200 -4.359396e+01 4.507994e+02 2.101147e-06 1.682155e-06 1.072932e-03
52300 -4.429040e+01 4.514097e+02 2.245714e-06 2.312365e-06 1.073616e-03
52400 -4.435293e+01 4.514645e+02 1.874359e-06 2.438862e-06 1.073991e-03
52500 -4.467400e+01 4.517449e+02 2.054828e-06 2.587949e-06 1.074331e-03
52600 -4.458505e+01 4.516671e+02 1.801259e-06 3.069226e-06 1.073918e-03
52700 -4.467564e+01 4.517465e+02 1.787898e-06 3.047395e-06 1.074143e-03
52800 -4.436575e+01 4.514749e+02 1.983291e-06 2.694305e-06 1.073652e-03
52900 -4.448264e+01 4.515774e+02 2.796621e-06 2.232071e-06 1.073545e-03
53000 -4.481530e+01 4.518690e+02 2.397825e-06 2.754175e-06 1.074119e-03
53100 -4.445478e+01 4.515531e+02 2.318741e-06 3.116243e-06 1.073081e-03
53200 -4.448798e+01 4.515822e+02 2.323871e-06 2.887610e-06 1.073374e-03
53300 -4.382743e+01 4.510035e+02 1.558755e-06 2.567266e-06 1.073077e-03
53400 -4.449588e+01 4.515893e+02 1.397625e-06 3.309494e-06 1.073895e-03
53500 -4.509114e+01 4.521111e+02 1.971962e-06 4.433810e-06 1.073443e-03
53600 -4.629866e+01 4.531622e+02 3.412071e-06 3.989305e-06 1.074958e-03
53700 -4.570899e+01 4.526447e+02 3.372909e-06 3.480707e-06 1.074270e-03
53800 -4.470876e+01 4.517664e+02 2.130443e-06 2.958204e-06 1.073937e-03
53900 -4.404762e+01 4.511864e+02 2.053754e-06 1.923108e-06 1.073663e-03
54000 -4.416477e+01 4.512884e+02 1.486993e-06 2.170821e-06 1.074226e-03
54100 -4.437831e+01 4.514753e+02 2.245973e-06 2.295190e-06 1.073789e-03
54200 -4.450377e+01 4.515853e+02 2.346701e-06 2.414205e-06 1.073832e-03
54300 -4.490146e+01 4.519337e+02 2.739931e-06 2.163395e-06 1.074522e-03
54400 -4.496765e+01 4.519914e+02 2.451423e-06 3.288245e-06 1.073823e-03
54500 -4.557603e+01 4.525235e+02 3.410528e-06 1.863055e-06 1.075560e-03
54600 -4.592406e+01 4.528305e+02 2.324269e-06 3.181721e-06 1.076061e-03
54700 -4.541440e+01 4.523845e+02 2.787634e-06 1.890791e-06 1.075823e-03
54800 -4.507400e+01 4.520862e+02 2.418783e-06 2.269657e-06 1.075101e-03
54900 -4.438947e+01 4.514867e+02 1.959071e-06 2.005902e-06 1.074392e-03
55000 -4.427657e+01 4.513884e+02 1.953544e-06 1.654728e-06 1.074514e-03
55100 -4.448800e+01 4.515742e+02 2.249133e-06 2.601809e-06 1.073715e-03
55200 -4.459607e+01 4.516691e+02 3.043282e-06 1.913802e-06 1.073836e-03
55300 -4.467355e+01 4.517370e+02 2.864785e-06 2.289143e-06 1.073801e-03
55400 -4.429875e+01 4.514089e+02 2.891120e-06 1.551353e-06 1.073729e-03
55500 -4.390348e+01 4.510626e+02 2.092320e-06 2.078968e-06 1.073173e-03
55600 -4.388524e+01 4.510465e+02 2.193162e-06 2.271767e-06 1.072841e-03
55700 -4.486638e+01 4.519081e+02 1.613037e-06 3.903311e-06 1.073848e-03
55800 -4.425698e+01 4.513756e+02 1.228758e-06 3.591051e-06 1.073272e-03
55900 -4.455790e+01 4.516393e+02 2.386529e-06 3.444349e-06 1.072891e-03
56000 -4.449863e+01 4.515917e+02 2.091603e-06 3.029640e-06 1.073487e-03
56100 -4.467389e+01 4.517450e+02 2.441681e-06 3.190554e-06 1.073342e-03
56200 -4.481853e+01 4.518716e+02 2.190500e-06 2.275905e-06 1.074810e-03
56300 -4.456125e+01 4.516466e+02 3.086280e-06 1.697587e-06 1.073955e-03
56400 -4.448832e+01 4.515826e+02 3.015900e-06 2.471612e-06 1.073099e-03
56500 -4.456605e+01 4.516519e+02 2.483316e-06 2.599852e-06 1.073669e-03
56600 -4.450398e+01 4.515971e+02 2.078212e-06 2.940388e-06 1.073602e-03
56700 -4.443385e+01 4.515351e+02 2.238565e-06 2.449949e-06 1.073785e-03
56800 -4.470615e+01 4.517742e+02 1.984849e-06 2.571195e-06 1.074488e-03
56900 -4.536720e+01 4.523536e+02 1.692731e-06 3.796602e-06 1.074939e-03
57000 -4.523407e+01 4.522356e+02 1.955725e-06 3.258391e-06 1.074932e-03
57100 -4.538068e+01 4.523631e+02 2.571760e-06 2.532832e-06 1.075346e-03
57200 -4.468060e+01 4.517502e+02 2.541261e-06 2.281096e-06 1.074164e-03
57300 -4.494459e+01 4.519816e+02 3.325369e-06 2.310682e-06 1.073903e-03
57400 -4.450354e+01 4.515952e+02 2.690167e-06 3.011403e-06 1.072915e-03
57500 -4.411165e+01 4.512520e+02 1.817704e-06 2.606991e-06 1.073372e-03
57600 -4.417434e+01 4.513072e+02 2.200150e-06 2.599839e-06 1.073129e-03
57700 -4.388593e+01 4.510547e+02 1.522329e-06 2.374517e-06 1.073429e-03
57800 -4.450904e+01 4.516014e+02 1.945431e-06 3.056074e-06 1.073630e-03
57900 -4.430601e+01 4.514232e+02 2.268955e-06 2.849052e-06 1.073088e-03
58000 -4.460258e+01 4.516827e+02 2.490972e-06 2.567788e-06 1.073767e-03
58100 -4.474983e+01 4.518118e+02 2.585129e-06 2.708444e-06 1.073840e-03
58200 -4.549043e+01 4.524602e+02 2.598473e-06 3.642487e-06 1.074442e-03
58300 -4.494429e+01 4.519798e+02 2.657290e-06 2.890301e-06 1.073988e-03
58400 -4.477032e+01 4.518273e+02 2.602998e-06 1.878933e-06 1.074689e-03
58500 -4.484581e+01 4.518934e+02 2.700075e-06 2.536006e-06 1.074093e-03
58600 -4.438095e+01 4.514860e+02 2.019160e-06 2.629323e-06 1.073707e-03
58700 -4.401928e+01 4.511655e+02 2.002510e-06 2.717498e-06 1.072870e-03
58800 -4.405580e+01 4.511978e+02 1.864603e-06 1.995081e-06 1.073808e-03
58900 -4.539235e+01 4.523692e+02 3.010959e-06 3.490867e-06 1.073964e-03
59000 -4.534950e+01 4.523317e+02 2.644686e-06 3.733977e-06 1.073997e-03
59100 -4.543957e+01 4.524107e+02 2.503558e-06 3.232701e-06 1.074828e-03
59200 -4.447209e+01 4.515630e+02 2.014353e-06 2.039534e-06 1.074486e-03
59300 -4.432665e+01 4.514367e+02 2.599791e-06 1.398851e-06 1.074239e-03
59400 -4.480539e+01 4.518546e+02 2.450275e-06 2.387643e-06 1.074398e-03
59500 -4.518540e+01 4.521875e+02 2.949510e-06 3.039224e-06 1.074043e-03
59600 -4.493580e+01 4.519696e+02 2.483636e-06 2.675140e-06 1.074352e-03
59700 -4.506408e+01 4.520831e+02 2.878942e-06 3.400560e-06 1.073502e-03
59800 -4.430816e+01 4.514209e+02 2.066216e-06 2.781314e-06 1.073353e-03
59900 -4.459722e+01 4.516744e+02 2.508017e-06 2.558304e-06 1.073740e-03
60000 -4.475797e+01 4.518160e+02 2.370524e-06 3.159418e-06 1.073614e-03
60100 -4.448552e+01 4.515772e+02 1.856996e-06 3.184922e-06 1.073532e-03
60200 -4.437108e+01 4.514768e+02 2.230901e-06 2.463690e-06 1.073639e-03
60300 -4.436160e+01 4.514665e+02 2.839124e-06 2.589720e-06 1.072880e-03
60400 -4.562781e+01 4.525766e+02 2.457132e-06 4.225584e-06 1.074278e-03
60500 -4.549841e+01 4.524632e+02 2.672755e-06 4.150466e-06 1.073867e-03
60600 -4.535797e+01 4.523393e+02 3.307037e-06 3.440910e-06 1.073646e-03
60700 -4.555195e+01 4.525095e+02 3.478996e-06 3.391223e-06 1.073930e-03
60800 -4.498790e+01 4.520153e+02 2.419825e-06 2.648102e-06 1.074552e-03
60900 -4.568658e+01 4.526276e+02 3.378576e-06 2.680669e-06 1.075023e-03
61000 -4.570955e+01 4.526469e+02 2.142512e-06 4.454575e-06 1.074531e-03
61100 -4.506055e+01 4.520786e+02 1.902209e-06 4.160904e-06 1.073708e-03
61200 -4.495830e+01 4.519889e+02 2.119120e-06 2.894201e-06 1.074544e-03
61300 -4.491971e+01 4.519568e+02 2.973110e-06 2.110552e-06 1.074397e-03
61400 -4.461250e+01 4.516872e+02 1.938328e-06 3.120275e-06 1.073778e-03
61500 -4.413375e+01 4.512661e+02 1.547947e-06 2.782184e-06 1.073500e-03
61600 -4.448331e+01 4.515726e+02 1.692945e-06 3.077794e-06 1.073792e-03
61700 -4.506837e+01 4.520861e+02 2.674386e-06 2.700534e-06 1.074414e-03
61800 -4.488531e+01 4.519255e+02 2.749530e-06 2.010887e-06 1.074645e-03
61900 -4.506745e+01 4.520854e+02 3.723892e-06 2.388361e-06 1.073675e-03
62000 -4.488152e+01 4.519223e+02 3.369974e-06 2.270208e-06 1.073758e-03
62100 -4.516576e+01 4.521719e+02 1.959734e-06 2.990150e-06 1.075044e-03
62200 -4.524807e+01 4.522432e+02 2.377001e-06 3.329521e-06 1.074458e-03
62300 -4.548437e+01 4.524505e+02 2.809096e-06 3.964267e-06 1.073886e-03
62400 -4.513072e+01 4.521405e+02 2.407622e-06 3.211997e-06 1.074299e-03
62500 -4.506266e+01 4.520833e+02 2.253613e-06 3.571021e-06 1.073958e-03
62600 -4.551400e+01 4.524789e+02 2.659180e-06 3.457057e-06 1.074611e-03
62700 -4.542097e+01 4.523976e+02 2.182699e-06 3.958577e-06 1.074392e-03
62800 -4.510403e+01 4.521197e+02 2.375576e-06 2.614176e-06 1.074880e-03
62900 -4.469387e+01 4.517603e+02 1.890977e-06 2.976230e-06 1.074144e-03
63000 -4.455408e+01 4.516377e+02 1.612063e-06 2.974496e-06 1.074132e-03
63100 -4.473240e+01 4.517938e+02 2.120998e-06 3.313675e-06 1.073656e-03
63200 -4.457030e+01 4.516521e+02 2.663153e-06 2.792538e-06 1.073297e-03
63300 -4.506028e+01 4.520813e+02 3.320847e-06 2.698883e-06 1.073758e-03
63400 -4.530540e+01 4.522962e+02 2.911331e-06 2.618585e-06 1.074761e-03
63500 -4.526489e+01 4.522613e+02 3.208249e-06 3.552653e-06 1.073447e-03
63600 -4.490920e+01 4.519557e+02 2.883297e-06 2.954107e-06 1.073640e-03
63700 -4.533981e+01 4.523331e+02 3.338526e-06 3.314452e-06 1.073726e-03
63800 -4.438161e+01 4.514931e+02 2.831907e-06 2.148308e-06 1.073392e-03
63900 -4.491327e+01 4.519583e+02 3.251434e-06 2.685096e-06 1.073547e-03
64000 -4.435293e+01 4.514661e+02 2.235464e-06 2.588535e-06 1.073484e-03
64100 -4.415061e+01 4.512904e+02 2.205418e-06 2.670567e-06 1.073013e-03
64200 -4.520242e+01 4.522122e+02 3.131872e-06 3.466335e-06 1.073492e-03
64300 -4.572174e+01 4.526714e+02 3.977084e-06 2.842503e-06 1.074368e-03
64400 -4.559160e+01 4.525573e+02 3.577624e-06 2.965981e-06 1.074371e-03
64500 -4.497248e+01 4.520151e+02 3.132306e-06 2.259663e-06 1.074227e-03
64600 -4.484364e+01 4.519040e+02 1.822798e-06 3.451987e-06 1.074079e-03
64700 -4.470291e+01 4.517806e+02 2.343258e-06 2.839211e-06 1.073877e-03
64800 -4.483973e+01 4.519005e+02 2.329645e-06 3.075282e-06 1.073941e-03
64900 -4.486535e+01 4.519234e+02 2.423833e-06 3.190244e-06 1.073786e-03
65000 -4.510205e+01 4.521311e+02 2.593081e-06 3.458272e-06 1.073845e-03
65100 -4.494630e+01 4.519945e+02 2.195286e-06 3.678415e-06 1.073697e-03
65200 -4.556877e+01 4.525411e+02 2.930953e-06 3.998314e-06 1.073947e-03
65300 -4.547226e+01 4.524551e+02 2.315486e-06 5.377867e-06 1.072977e-03
65400 -4.490036e+01 4.519540e+02 1.966653e-06 4.117883e-06 1.073389e-03
65500 -4.475314e+01 4.518247e+02 2.045823e-06 3.468547e-06 1.073650e-03
65600 -4.449837e+01 4.516013e+02 1.543380e-06 3.129462e-06 1.073958e-03
65700 -4.431253e+01 4.514387e+02 1.419377e-06 3.312008e-06 1.073511e-03
65800 -4.504433e+01 4.520799e+02 1.642507e-06 4.185533e-06 1.073946e-03
65900 -4.568489e+01 4.526413e+02 2.674820e-06 4.787107e-06 1.073653e-03
66000 -4.566534e+01 4.526238e+02 3.278803e-06 3.188762e-06 1.074606e-03
66100 -4.539357e+01 4.523845e+02 2.687395e-06 2.696990e-06 1.075117e-03
66200 -4.531016e+01 4.523114e+02 2.410070e-06 3.022246e-06 1.074895e-03
66300 -4.461402e+01 4.517006e+02 2.260813e-06 2.650092e-06 1.073958e-03
66400 -4.481333e+01 4.518749e+02 2.484029e-06 2.586767e-06 1.074214e-03
66500 -4.483437e+01 4.518933e+02 2.526603e-06 3.292663e-06 1.073509e-03
66600 -4.459613e+01 4.516846e+02 2.214173e-06 3.714556e-06 1.072901e-03
66700 -4.524471e+01 4.522542e+02 3.526568e-06 3.054827e-06 1.073609e-03
66800 -4.566219e+01 4.526187e+02 3.480213e-06 2.694854e-06 1.074886e-03
66900 -4.514886e+01 4.521687e+02 3.332272e-06 2.867942e-06 1.073786e-03
67000 -4.473860e+01 4.518096e+02 2.561955e-06 2.417366e-06 1.074149e-03
67100 -4.475255e+01 4.514203e+02 2.276518e-06 2.766949e-06 1.073155e-03
67200 -4.550449e+01 4.522351e+02 3.076376e-06 3.513193e-06 1.073555e-03
67300 -4.513809e+01 4.521615e+02 2.937898e-06 3.625781e-06 1.073406e-03
67400 -4.593054e+01 4.528564e+02 2.656386e-06 3.468685e-06 1.075504e-03
67500 -4.583172e+01 4.527698e+02 2.945608e-06 3.510583e-06 1.074966e-03
67600 -4.590128e+01 4.528300e+02 3.320683e-06 3.444823e-06 1.074800e-03
67700 -4.522399e+01 4.522360e+02 2.570933e-06 3.491029e-06 1.074085e-03
67800 -4.535635e+01 4.523522e+02 2.597904e-06 2.649581e-06 1.075177e-03
67900 -4.491707e+01 4.519670e+02 1.863938e-06 2.753549e-06 1.074887e-03
68000 -4.508470e+01 4.521139e+02 2.493140e-06 3.578601e-06 1.073784e-03
68100 -4.523296e+01 4.522449e+02 2.297054e-06 4.333991e-06 1.073537e-03
68200 -4.522191e+01 4.522352e+02 2.432443e-06 3.732188e-06 1.073981e-03
68300 -4.554411e+01 4.525177e+02 3.641705e-06 3.012075e-06 1.074166e-03
68400 -4.468876e+01 4.517681e+02 3.448025e-06 1.881194e-06 1.073700e-03
68500 -4.502412e+01 4.520557e+02 3.012205e-06 2.765389e-06 1.073939e-03
68600 -4.580688e+01 4.527418e+02 4.068496e-06 3.622519e-06 1.073664e-03
68700 -4.549137e+01 4.524652e+02 3.324472e-06 3.293506e-06 1.074076e-03
68800 -4.600102e+01 4.529120e+02 3.464969e-06 3.639406e-06 1.074657e-03
68900 -4.573646e+01 4.526808e+02 4.279426e-06 2.852927e-06 1.074077e-03
69000 -4.539780e+01 4.523841e+02 3.303314e-06 2.701331e-06 1.074496e-03
69100 -4.533192e+01 4.523263e+02 2.622232e-06 2.375552e-06 1.075365e-03
69200 -4.568189e+01 4.526320e+02 3.039671e-06 3.099354e-06 1.074954e-03
69300 -4.554934e+01 4.525158e+02 3.370887e-06 3.144734e-06 1.074300e-03
69400 -4.493679e+01 4.519789e+02 3.331450e-06 2.723598e-06 1.073478e-03
69500 -4.453076e+01 4.516230e+02 2.554029e-06 2.543676e-06 1.073585e-03
69600 -4.438677e+01 4.514978e+02 2.900505e-06 1.940082e-06 1.073543e-03
69700 -4.403487e+01 4.511893e+02 2.096637e-06 2.084812e-06 1.073466e-03
69800 -4.524484e+01 4.522504e+02 2.560217e-06 2.937723e-06 1.074684e-03
69900 -4.476893e+01 4.518328e+02 1.869026e-06 3.423317e-06 1.073892e-03
70000 -4.520772e+01 4.522201e+02 2.819355e-06 2.911060e-06 1.074379e-03
70100 -4.488428e+01 4.519367e+02 3.255322e-06 2.449559e-06 1.073727e-03
70200 -4.511287e+01 4.521367e+02 3.368918e-06 2.199398e-06 1.074342e-03
70300 -4.525265e+01 4.522595e+02 2.862108e-06 2.359634e-06 1.074981e-03
70400 -4.487798e+01 4.519312e+02 2.252861e-06 2.847998e-06 1.074318e-03
70500 -4.519617e+01 4.522107e+02 2.500465e-06 2.885961e-06 1.074700e-03
70600 -4.465844e+01 4.517394e+02 1.858381e-06 2.592068e-06 1.074511e-03
70700 -4.553596e+01 4.525078e+02 2.577424e-06 3.618120e-06 1.074601e-03
70800 -4.489080e+01 4.519423e+02 2.610900e-06 2.888256e-06 1.073947e-03
70900 -4.536499e+01 4.523585e+02 2.992009e-06 3.187733e-06 1.074260e-03
71000 -4.488693e+01 4.519396e+02 2.656924e-06 2.915279e-06 1.073867e-03
71100 -4.504421e+01 4.520772e+02 3.269829e-06 2.443203e-06 1.074055e-03
71200 -4.571240e+01 4.526629e+02 2.958595e-06 3.287487e-06 1.074921e-03
71300 -4.574723e+01 4.526935e+02 3.613096e-06 2.924996e-06 1.074702e-03
71400 -4.594819e+01 4.528708e+02 4.723741e-06 2.197425e-06 1.074742e-03
71500 -4.534575e+01 4.523427e+02 3.727310e-06 2.485029e-06 1.074190e-03
71600 -4.535084e+01 4.523482e+02 3.513469e-06 2.084093e-06 1.074818e-03
71700 -4.482637e+01 4.518894e+02 2.698608e-06 2.510507e-06 1.074110e-03
71800 -4.533534e+01 4.523354e+02 3.336447e-06 3.146639e-06 1.073901e-03
71900 -4.472765e+01 4.518028e+02 3.086509e-06 2.590364e-06 1.073436e-03
72000 -4.577955e+01 4.527246e+02 3.863202e-06 2.686037e-06 1.074765e-03
72100 -4.611307e+01 4.530165e+02 3.349999e-06 3.143460e-06 1.075518e-03
72200 -4.589024e+01 4.528207e+02 3.201331e-06 2.742986e-06 1.075599e-03
72300 -4.507739e+01 4.521072e+02 2.775369e-06 2.993130e-06 1.074071e-03
72400 -4.556071e+01 4.525284e+02 3.845513e-06 3.316151e-06 1.073684e-03
72500 -4.599749e+01 4.529124e+02 3.893757e-06 3.840196e-06 1.074029e-03
72600 -4.615594e+01 4.530507e+02 3.344955e-06 5.028031e-06 1.073720e-03
72700 -4.573294e+01 4.526815e+02 2.762712e-06 4.127859e-06 1.074321e-03
72800 -4.662639e+01 4.534644e+02 4.034761e-06 3.990469e-06 1.075056e-03
72900 -4.635658e+01 4.532208e+02 3.462238e-06 4.080746e-06 1.074956e-03
73000 -4.626040e+01 4.531361e+02 3.382451e-06 4.040274e-06 1.074874e-03
73100 -4.563079e+01 4.525836e+02 3.086065e-06 2.883587e-06 1.075008e-03
73200 -4.543483e+01 4.524120e+02 2.841502e-06 3.181102e-06 1.074545e-03
73300 -4.573861e+01 4.526763e+02 2.919514e-06 3.656586e-06 1.074623e-03
73400 -4.496739e+01 4.519999e+02 2.408567e-06 2.894800e-06 1.074280e-03
73500 -4.533824e+01 4.523250e+02 3.141922e-06 3.144448e-06 1.074073e-03
73600 -4.515437e+01 4.521626e+02 3.558248e-06 2.717405e-06 1.073696e-03
73700 -4.600580e+01 4.529087e+02 3.573668e-06 4.358809e-06 1.073821e-03
73800 -4.663991e+01 4.534643e+02 4.221384e-06 3.887229e-06 1.074972e-03
73900 -4.516937e+01 4.521759e+02 2.980548e-06 3.200165e-06 1.073823e-03
74000 -4.557743e+01 4.525335e+02 2.998272e-06 3.317663e-06 1.074542e-03
74100 -4.463337e+01 4.517061e+02 3.133516e-06 2.301495e-06 1.073446e-03
74200 -4.436674e+01 4.514723e+02 3.420604e-06 2.180936e-06 1.072722e-03
74300 -4.495262e+01 4.519859e+02 3.611384e-06 2.460788e-06 1.073478e-03
74400 -4.577120e+01 4.527035e+02 3.493466e-06 4.273093e-06 1.073497e-03
74500 -4.567332e+01 4.526197e+02 3.497218e-06 3.706885e-06 1.073860e-03
74600 -4.569235e+01 4.526358e+02 3.093715e-06 4.203128e-06 1.073805e-03
74700 -4.466416e+01 4.517350e+02 2.440949e-06 2.690177e-06 1.073819e-03
74800 -4.493803e+01 4.519753e+02 2.975368e-06 2.660563e-06 1.073888e-03
74900 -4.537173e+01 4.523551e+02 3.301480e-06 2.561907e-06 1.074568e-03
75000 -4.631949e+01 4.531856e+02 4.039078e-06 3.543473e-06 1.074833e-03
75100 -4.535763e+01 4.523425e+02 2.852247e-06 3.376632e-06 1.074173e-03
75200 -4.565386e+01 4.526022e+02 2.813883e-06 3.840789e-06 1.074367e-03
75300 -4.517015e+01 4.521799e+02 2.198573e-06 3.015830e-06 1.074799e-03
75400 -4.547148e+01 4.524444e+02 2.179363e-06 2.947952e-06 1.075518e-03
75500 -4.585113e+01 4.527772e+02 2.669252e-06 3.129564e-06 1.075641e-03
75600 -4.560486e+01 4.525608e+02 3.299351e-06 3.046183e-06 1.074577e-03
75700 -4.602865e+01 4.529319e+02 3.082165e-06 3.299449e-06 1.075428e-03
75800 -4.613506e+01 4.530254e+02 4.327977e-06 3.676918e-06 1.074028e-03
75900 -4.619973e+01 4.530822e+02 4.241101e-06 4.137082e-06 1.073790e-03
76000 -4.671248e+01 4.535303e+02 5.252476e-06 3.504407e-06 1.074482e-03
76100 -4.592980e+01 4.528445e+02 2.968138e-06 3.879590e-06 1.074753e-03
76200 -4.592835e+01 4.528411e+02 3.134007e-06 2.960666e-06 1.075498e-03
76300 -4.539885e+01 4.523770e+02 2.421261e-06 3.223815e-06 1.074839e-03
76400 -4.509777e+01 4.521134e+02 2.271823e-06 3.589726e-06 1.073993e-03
76500 -4.570715e+01 4.526476e+02 3.176700e-06 4.094493e-06 1.073859e-03
76600 -4.590819e+01 4.528239e+02 3.215039e-06 4.563826e-06 1.073772e-03
76700 -4.613712e+01 4.530245e+02 3.347621e-06 4.872741e-06 1.073810e-03
76800 -4.529400e+01 4.522856e+02 2.608227e-06 3.272397e-06 1.074385e-03
76900 -4.571407e+01 4.526534e+02 2.706039e-06 4.589037e-06 1.073849e-03
77000 -4.530487e+01 4.522950e+02 2.608284e-06 3.761124e-06 1.073919e-03
77100 -4.507535e+01 4.520932e+02 2.618124e-06 3.266172e-06 1.073922e-03
77200 -4.501510e+01 4.520398e+02 4.036247e-06 2.671857e-06 1.072970e-03
77300 -4.507660e+01 4.520932e+02 3.436284e-06 3.346957e-06 1.073023e-03
77400 -4.536018e+01 4.523417e+02 3.158753e-06 3.680003e-06 1.073561e-03
77500 -4.599356e+01 4.528972e+02 3.207658e-06 4.639069e-06 1.073880e-03
77600 -4.536971e+01 4.523503e+02 1.837389e-06 5.297179e-06 1.073286e-03
77700 -4.570619e+01 4.526450e+02 2.285845e-06 4.816402e-06 1.074022e-03
77800 -4.533523e+01 4.523181e+02 2.196852e-06 2.910536e-06 1.075236e-03
77900 -4.562125e+01 4.525687e+02 1.874255e-06 3.903542e-06 1.075164e-03
78000 -4.532367e+01 4.523075e+02 2.179356e-06 3.099202e-06 1.075039e-03
78100 -4.576427e+01 4.526941e+02 2.286797e-06 3.139863e-06 1.075815e-03
78200 -4.611319e+01 4.529995e+02 3.093929e-06 4.076252e-06 1.074801e-03
78300 -4.655028e+01 4.533827e+02 2.649712e-06 4.473796e-06 1.075763e-03
78400 -4.719202e+01 4.539449e+02 3.288531e-06 5.568459e-06 1.075372e-03
78500 -4.614796e+01 4.530287e+02 2.533079e-06 3.851189e-06 1.075656e-03
78600 -4.601663e+01 4.529112e+02 2.999256e-06 3.088810e-06 1.075672e-03
78700 -4.560576e+01 4.525511e+02 2.967737e-06 3.163946e-06 1.074768e-03
78800 -4.487617e+01 4.519118e+02 2.394714e-06 2.787851e-06 1.074190e-03
78900 -4.550884e+01 4.524662e+02 2.930347e-06 3.153640e-06 1.074613e-03
79000 -4.540285e+01 4.523734e+02 2.858052e-06 3.046859e-06 1.074571e-03
79100 -4.553829e+01 4.524922e+02 3.849753e-06 2.534437e-06 1.074375e-03
79200 -4.527394e+01 4.522606e+02 3.256331e-06 2.659148e-06 1.074290e-03
79300 -4.514053e+01 4.521440e+02 2.115272e-06 3.299883e-06 1.074512e-03
79400 -4.517925e+01 4.521780e+02 2.818982e-06 3.998073e-06 1.073191e-03
79500 -4.630393e+01 4.531642e+02 2.848851e-06 4.730334e-06 1.074785e-03
79600 -4.631978e+01 4.531794e+02 2.666649e-06 3.941667e-06 1.075792e-03
79700 -4.687156e+01 4.536627e+02 4.290183e-06 4.566256e-06 1.074698e-03
79800 -4.593668e+01 4.528433e+02 3.899936e-06 3.814690e-06 1.073883e-03
79900 -4.605429e+01 4.529459e+02 4.213270e-06 3.388069e-06 1.074241e-03
80000 -4.611660e+01 4.530003e+02 3.688324e-06 3.338783e-06 1.074946e-03
80100 -4.621708e+01 4.530880e+02 2.902265e-06 3.970815e-06 1.075309e-03
80200 -4.579760e+01 4.527205e+02 2.488048e-06 3.928921e-06 1.074887e-03
80300 -4.597980e+01 4.528801e+02 3.521776e-06 4.187595e-06 1.073976e-03
80400 -4.587644e+01 4.527892e+02 3.705563e-06 3.674978e-06 1.074088e-03
80500 -4.530158e+01 4.522858e+02 3.111915e-06 3.362623e-06 1.073792e-03
80600 -4.521923e+01 4.522136e+02 3.312723e-06 3.472700e-06 1.073308e-03
80700 -4.509647e+01 4.521028e+02 2.886406e-06 3.031581e-06 1.073911e-03
80800 -4.530782e+01 4.522881e+02 3.430893e-06 3.267216e-06 1.073573e-03
80900 -4.550094e+01 4.524570e+02 3.190414e-06 4.307588e-06 1.073177e-03
81000 -4.658068e+01 4.534029e+02 2.476053e-06 6.241660e-06 1.074217e-03
81100 -4.590568e+01 4.528094e+02 3.005369e-06 4.054112e-06 1.074457e-03
81200 -4.595488e+01 4.528525e+02 3.856898e-06 3.589065e-06 1.074174e-03
81300 -4.515444e+01 4.521515e+02 3.097907e-06 2.879641e-06 1.073968e-03
81400 -4.630028e+01 4.531541e+02 3.573672e-06 3.523711e-06 1.075243e-03
81500 -4.589404e+01 4.527979e+02 4.021864e-06 2.945815e-06 1.074522e-03
81600 -4.563769e+01 4.525731e+02 2.700164e-06 3.451866e-06 1.074800e-03
81700 -4.542547e+01 4.523871e+02 3.011490e-06 3.194100e-06 1.074302e-03
81800 -4.522291e+01 4.522096e+02 2.243612e-06 3.568525e-06 1.074272e-03
81900 -4.597612e+01 4.528698e+02 4.236032e-06 4.089051e-06 1.073336e-03
82000 -4.525622e+01 4.522393e+02 4.160944e-06 2.449716e-06 1.073544e-03
82100 -4.536811e+01 4.523373e+02 3.719982e-06 3.277446e-06 1.073392e-03
82200 -4.506278e+01 4.520697e+02 3.065143e-06 2.534117e-06 1.074151e-03
82300 -4.515528e+01 4.521511e+02 3.017334e-06 3.294443e-06 1.073632e-03
82400 -4.605079e+01 4.529361e+02 3.199533e-06 4.680282e-06 1.073939e-03
82500 -4.549641e+01 4.524479e+02 2.597160e-06 3.735103e-06 1.074321e-03
82600 -4.613301e+01 4.530059e+02 3.157145e-06 5.047863e-06 1.073781e-03
82700 -4.529064e+01 4.522677e+02 2.522476e-06 4.114110e-06 1.073586e-03
82800 -4.567656e+01 4.526059e+02 2.991689e-06 4.300508e-06 1.073739e-03
82900 -4.549885e+01 4.524502e+02 3.987820e-06 2.982153e-06 1.073689e-03
83000 -4.510353e+01 4.521032e+02 2.607199e-06 3.525460e-06 1.073697e-03
83100 -4.494953e+01 4.519684e+02 2.922228e-06 3.584593e-06 1.073001e-03
83200 -4.480053e+01 4.518374e+02 2.518027e-06 3.601160e-06 1.073076e-03
83300 -4.480723e+01 4.518433e+02 3.545508e-06 2.715588e-06 1.072948e-03
83400 -4.494205e+01 4.519612e+02 2.945516e-06 3.216320e-06 1.073329e-03
83500 -4.518554e+01 4.521743e+02 2.611270e-06 3.914095e-06 1.073474e-03
83600 -4.501914e+01 4.520286e+02 2.388321e-06 3.376447e-06 1.073887e-03
83700 -4.504411e+01 4.520505e+02 2.874812e-06 3.131322e-06 1.073698e-03
83800 -4.466780e+01 4.517206e+02 2.682611e-06 2.899866e-06 1.073334e-03
83900 -4.501667e+01 4.520264e+02 3.328263e-06 2.859897e-06 1.073458e-03
84000 -4.500098e+01 4.520128e+02 3.109069e-06 3.330884e-06 1.073174e-03
84100 -4.480902e+01 4.518450e+02 2.808488e-06 3.028442e-06 1.073376e-03
84200 -4.494838e+01 4.519673e+02 2.623959e-06 4.086127e-06 1.072795e-03
84300 -4.550844e+01 4.524573e+02 2.878917e-06 3.550841e-06 1.074246e-03
84400 -4.494422e+01 4.519625e+02 2.443492e-06 3.790553e-06 1.073260e-03
84500 -4.521978e+01 4.522038e+02 2.309561e-06 3.857365e-06 1.073903e-03
84600 -4.501293e+01 4.520229e+02 2.881191e-06 3.413587e-06 1.073343e-03
84700 -4.495029e+01 4.519678e+02 3.146778e-06 3.229529e-06 1.073130e-03
84800 -4.488462e+01 4.519105e+02 2.363948e-06 4.140046e-06 1.072866e-03
84900 -4.528373e+01 4.522612e+02 2.890595e-06 3.391087e-06 1.073926e-03
85000 -4.540876e+01 4.523698e+02 2.367172e-06 4.046991e-06 1.074053e-03
85100 -4.493025e+01 4.519498e+02 2.708580e-06 3.537757e-06 1.073217e-03
85200 -4.523171e+01 4.522141e+02 3.559897e-06 2.988636e-06 1.073546e-03
85300 -4.551266e+01 4.524609e+02 4.031430e-06 3.162526e-06 1.073490e-03
85400 -4.524785e+01 4.522289e+02 3.433322e-06 3.240139e-06 1.073457e-03
85500 -4.510149e+01 4.521006e+02 3.414247e-06 3.331873e-06 1.073078e-03
85600 -4.511453e+01 4.521120e+02 3.420097e-06 3.001133e-06 1.073430e-03
85700 -4.507213e+01 4.520750e+02 3.477725e-06 3.061862e-06 1.073223e-03
85800 -4.561872e+01 4.525543e+02 2.872951e-06 4.169853e-06 1.073864e-03
85900 -4.505053e+01 4.520565e+02 3.244815e-06 3.554534e-06 1.072919e-03
86000 -4.528384e+01 4.522608e+02 2.948075e-06 4.158404e-06 1.073100e-03
86100 -4.505829e+01 4.520638e+02 2.771390e-06 3.564504e-06 1.073400e-03
86200 -4.565886e+01 4.525905e+02 4.608387e-06 2.823685e-06 1.073562e-03
86300 -4.579926e+01 4.527141e+02 2.953238e-06 3.690263e-06 1.074646e-03
86400 -4.549806e+01 4.524494e+02 2.915833e-06 3.495470e-06 1.074246e-03
86500 -4.516318e+01 4.521564e+02 3.582259e-06 3.191814e-06 1.073183e-03
86600 -4.559220e+01 4.525313e+02 4.574916e-06 2.922261e-06 1.073355e-03
86700 -4.523517e+01 4.522183e+02 3.178450e-06 3.120120e-06 1.073806e-03
86800 -4.585480e+01 4.527612e+02 3.884010e-06 3.665096e-06 1.073853e-03
86900 -4.475210e+01 4.517917e+02 2.790107e-06 2.968747e-06 1.073327e-03
87000 -4.500763e+01 4.520159e+02 3.083109e-06 3.160148e-06 1.073378e-03
87100 -4.484233e+01 4.518710e+02 3.194087e-06 2.632433e-06 1.073449e-03
87200 -4.574270e+01 4.526600e+02 2.997446e-06 4.062510e-06 1.074100e-03
87300 -4.571518e+01 4.526354e+02 3.389164e-06 3.843860e-06 1.073868e-03
87400 -4.515894e+01 4.521479e+02 2.642099e-06 3.642978e-06 1.073652e-03
87500 -4.501312e+01 4.520201e+02 2.437969e-06 4.325832e-06 1.072868e-03
87600 -4.471037e+01 4.517546e+02 2.645252e-06 4.028486e-06 1.072324e-03
87700 -4.477371e+01 4.518101e+02 2.498666e-06 3.718016e-06 1.072913e-03
87800 -4.503233e+01 4.520381e+02 3.245509e-06 3.634877e-06 1.072794e-03
87900 -4.482880e+01 4.518604e+02 2.156773e-06 3.674421e-06 1.073419e-03
88000 -4.530575e+01 4.522784e+02 3.112574e-06 3.129107e-06 1.074007e-03
88100 -4.467669e+01 4.517271e+02 3.199980e-06 2.840983e-06 1.072891e-03
88200 -4.557682e+01 4.525155e+02 2.754348e-06 3.350910e-06 1.074709e-03
88300 -4.546133e+01 4.524141e+02 3.468099e-06 3.573307e-06 1.073531e-03
88400 -4.531040e+01 4.522818e+02 3.429914e-06 3.275168e-06 1.073552e-03
88500 -4.560955e+01 4.525436e+02 3.874059e-06 2.969738e-06 1.074038e-03
88600 -4.556035e+01 4.525005e+02 3.399775e-06 3.458353e-06 1.073921e-03
88700 -4.574618e+01 4.526644e+02 3.419532e-06 3.366205e-06 1.074385e-03
88800 -4.547691e+01 4.524267e+02 3.042605e-06 3.686237e-06 1.073874e-03
88900 -4.510867e+01 4.521040e+02 2.415812e-06 3.244547e-06 1.074171e-03
89000 -4.513031e+01 4.521231e+02 2.461661e-06 3.236635e-06 1.074179e-03
89100 -4.491907e+01 4.519379e+02 2.674948e-06 3.639771e-06 1.073120e-03
89200 -4.524083e+01 4.522197e+02 3.387120e-06 3.502735e-06 1.073218e-03
89300 -4.523499e+01 4.522140e+02 3.273080e-06 3.297424e-06 1.073524e-03
89400 -4.537415e+01 4.523365e+02 2.622093e-06 4.777992e-06 1.072987e-03
89500 -4.557865e+01 4.525157e+02 3.567279e-06 4.390753e-06 1.072857e-03
89600 -4.606914e+01 4.529454e+02 5.263234e-06 3.164329e-06 1.073414e-03
89700 -4.682835e+01 4.536108e+02 5.121860e-06 3.958634e-06 1.074350e-03
89800 -4.710419e+01 4.538527e+02 3.975254e-06 5.293140e-06 1.074740e-03
89900 -4.695538e+01 4.537223e+02 3.513269e-06 4.711623e-06 1.075472e-03
90000 -4.603111e+01 4.529122e+02 4.270088e-06 3.883390e-06 1.073609e-03
90100 -4.671188e+01 4.535085e+02 4.673272e-06 4.492256e-06 1.074021e-03
90200 -4.573647e+01 4.526536e+02 3.324220e-06 3.350107e-06 1.074470e-03
90300 -4.622604e+01 4.530829e+02 3.130024e-06 3.472528e-06 1.075567e-03
90400 -4.665684e+01 4.534604e+02 3.429402e-06 3.780217e-06 1.075862e-03
90500 -4.667598e+01 4.534773e+02 5.296695e-06 4.275344e-06 1.073540e-03
90600 -4.672001e+01 4.535156e+02 5.607447e-06 4.029213e-06 1.073567e-03
90700 -4.589412e+01 4.527926e+02 4.058609e-06 3.544021e-06 1.073874e-03
90800 -4.590225e+01 4.528000e+02 3.700500e-06 4.054582e-06 1.073739e-03
90900 -4.624660e+01 4.531024e+02 3.630345e-06 4.632716e-06 1.073953e-03
91000 -4.664227e+01 4.534493e+02 3.708795e-06 4.811808e-06 1.074524e-03
91100 -4.704142e+01 4.537995e+02 3.889112e-06 4.097061e-06 1.075895e-03
91200 -4.701218e+01 4.537739e+02 4.727124e-06 3.211985e-06 1.075881e-03
91300 -4.697088e+01 4.537377e+02 4.428892e-06 4.075467e-06 1.075230e-03
91400 -4.705622e+01 4.538125e+02 4.089418e-06 4.115850e-06 1.075707e-03
91500 -4.722053e+01 4.539562e+02 3.645065e-06 4.873036e-06 1.075738e-03
91600 -4.627113e+01 4.531239e+02 4.157552e-06 3.450280e-06 1.074660e-03
91700 -4.638362e+01 4.532225e+02 4.078850e-06 3.714255e-06 1.074710e-03
91800 -4.618065e+01 4.530452e+02 4.214713e-06 3.954111e-06 1.073911e-03
91900 -4.638480e+01 4.532247e+02 3.998295e-06 4.594755e-06 1.073915e-03
92000 -4.599697e+01 4.528837e+02 4.563972e-06 3.850138e-06 1.073280e-03
92100 -4.703541e+01 4.537939e+02 4.878823e-06 5.159225e-06 1.073830e-03
92200 -4.726662e+01 4.539971e+02 5.640628e-06 4.912277e-06 1.073801e-03
92300 -4.715306e+01 4.538975e+02 5.238490e-06 3.723158e-06 1.075154e-03
92400 -4.763632e+01 4.543212e+02 4.990519e-06 4.961676e-06 1.075175e-03
92500 -4.654115e+01 4.533601e+02 4.370634e-06 4.134432e-06 1.074327e-03
92600 -4.638323e+01 4.532217e+02 4.181472e-06 3.211548e-06 1.075108e-03
92700 -4.601115e+01 4.528956e+02 3.500741e-06 3.200183e-06 1.075022e-03
92800 -4.630149e+01 4.531501e+02 3.415599e-06 3.806554e-06 1.075108e-03
92900 -4.710812e+01 4.538566e+02 3.498471e-06 4.357356e-06 1.076162e-03
93000 -4.761971e+01 4.543050e+02 4.483431e-06 4.493433e-06 1.076112e-03
93100 -4.687254e+01 4.536503e+02 5.142173e-06 4.200070e-06 1.074183e-03
93200 -4.627652e+01 4.531283e+02 4.868952e-06 3.907356e-06 1.073502e-03
93300 -4.643626e+01 4.532677e+02 4.267204e-06 4.495302e-06 1.073849e-03
93400 -4.645988e+01 4.532895e+02 4.550347e-06 3.704099e-06 1.074409e-03
93500 -4.691238e+01 4.536850e+02 5.310281e-06 3.472609e-06 1.074825e-03
93600 -4.660358e+01 4.534141e+02 4.791759e-06 3.885297e-06 1.074284e-03
93700 -4.742402e+01 4.541331e+02 4.198216e-06 4.706388e-06 1.075774e-03
93800 -4.682501e+01 4.536079e+02 3.997100e-06 4.341057e-06 1.075086e-03
93900 -4.713824e+01 4.538819e+02 4.814826e-06 4.403969e-06 1.074859e-03
94000 -4.716187e+01 4.539022e+02 4.409765e-06 4.510072e-06 1.075207e-03
94100 -4.750561e+01 4.542034e+02 5.606163e-06 3.635130e-06 1.075605e-03
94200 -4.736000e+01 4.540757e+02 5.118340e-06 4.261443e-06 1.075161e-03
94300 -4.743262e+01 4.541395e+02 5.864093e-06 4.045778e-06 1.074784e-03
94400 -4.667421e+01 4.534749e+02 3.244739e-06 4.546954e-06 1.075315e-03
94500 -4.742068e+01 4.541310e+02 3.798085e-06 4.848786e-06 1.076026e-03
94600 -4.708325e+01 4.538354e+02 3.904355e-06 4.448887e-06 1.075614e-03
94700 -4.723557e+01 4.539690e+02 4.225066e-06 4.708963e-06 1.075352e-03
94800 -4.684781e+01 4.536296e+02 5.040203e-06 3.684388e-06 1.074751e-03
94900 -4.673198e+01 4.535276e+02 4.511633e-06 4.680871e-06 1.074039e-03
95000 -4.694382e+01 4.537133e+02 4.487097e-06 3.986172e-06 1.075202e-03
95100 -4.692233e+01 4.536946e+02 3.867898e-06 5.574672e-06 1.074188e-03
95200 -4.738694e+01 4.541020e+02 4.294068e-06 6.087244e-06 1.074223e-03
95300 -4.711742e+01 4.538657e+02 5.435805e-06 4.661519e-06 1.073942e-03
95400 -4.700136e+01 4.537641e+02 5.109882e-06 3.998649e-06 1.074688e-03
95500 -4.722610e+01 4.539609e+02 5.696651e-06 4.275455e-06 1.074295e-03
95600 -4.747394e+01 4.541825e+02 4.807154e-06 5.066591e-06 1.074923e-03
95700 -4.724642e+01 4.539842e+02 4.481067e-06 4.813788e-06 1.075028e-03
95800 -4.723169e+01 4.539699e+02 5.148779e-06 4.528710e-06 1.074611e-03
95900 -4.656999e+01 4.533878e+02 5.019805e-06 3.497575e-06 1.074381e-03
96000 -4.655176e+01 4.533723e+02 4.492414e-06 3.668982e-06 1.074700e-03
96100 -4.590456e+01 4.528049e+02 3.674151e-06 2.361821e-06 1.075470e-03
96200 -4.576612e+01 4.526836e+02 3.592335e-06 2.320810e-06 1.075303e-03
96300 -4.657781e+01 4.533942e+02 4.349985e-06 3.258313e-06 1.075305e-03
96400 -4.676905e+01 4.535619e+02 4.687722e-06 3.829442e-06 1.074797e-03
96500 -4.732898e+01 4.540510e+02 4.831238e-06 4.403231e-06 1.075248e-03
96600 -4.694574e+01 4.537153e+02 5.181345e-06 3.672577e-06 1.074827e-03
96700 -4.774189e+01 4.544125e+02 5.377897e-06 4.418282e-06 1.075549e-03
96800 -4.754251e+01 4.542377e+02 4.995611e-06 4.721728e-06 1.075211e-03
96900 -4.810831e+01 4.547335e+02 5.876157e-06 4.962484e-06 1.075274e-03
97000 -4.716922e+01 4.539106e+02 4.306601e-06 4.472425e-06 1.075368e-03
97100 -4.638066e+01 4.532203e+02 4.348506e-06 4.184669e-06 1.073965e-03
97200 -4.672672e+01 4.535236e+02 4.281589e-06 4.953720e-06 1.073987e-03
97300 -4.690132e+01 4.536769e+02 4.908209e-06 4.589287e-06 1.074091e-03
97400 -4.637262e+01 4.532133e+02 4.262957e-06 3.871879e-06 1.074346e-03
97500 -4.635637e+01 4.531995e+02 4.235017e-06 3.766330e-06 1.074447e-03
97600 -4.713280e+01 4.538807e+02 4.214935e-06 4.990454e-06 1.074870e-03
97700 -4.784635e+01 4.545061e+02 5.324307e-06 4.808714e-06 1.075436e-03
97800 -4.668063e+01 4.534844e+02 4.690616e-06 3.649094e-06 1.074789e-03
97900 -4.654682e+01 4.533665e+02 4.066348e-06 3.016564e-06 1.075764e-03
98000 -4.618114e+01 4.530462e+02 4.072562e-06 3.482504e-06 1.074527e-03
98100 -4.713222e+01 4.538787e+02 5.187155e-06 4.283323e-06 1.074600e-03
98200 -4.826415e+01 4.548708e+02 5.840420e-06 5.582473e-06 1.075017e-03
98300 -4.838335e+01 4.549749e+02 5.295422e-06 6.199418e-06 1.075194e-03
98400 -4.811745e+01 4.547419e+02 4.894791e-06 5.779547e-06 1.075458e-03
98500 -4.827176e+01 4.548767e+02 5.132084e-06 4.393576e-06 1.076929e-03
98600 -4.785072e+01 4.545062e+02 5.011392e-06 4.898941e-06 1.075659e-03
98700 -4.859243e+01 4.551558e+02 4.930599e-06 5.318594e-06 1.076872e-03
98800 -4.741986e+01 4.541271e+02 4.478787e-06 4.273243e-06 1.075912e-03
98900 -4.819509e+01 4.548069e+02 5.612080e-06 5.115286e-06 1.075560e-03
99000 -4.804891e+01 4.546792e+02 4.924169e-06 5.798690e-06 1.075260e-03
99100 -4.816546e+01 4.547813e+02 5.023029e-06 5.788124e-06 1.075415e-03
99200 -4.726463e+01 4.539912e+02 4.610091e-06 4.987870e-06 1.074741e-03
99300 -4.731132e+01 4.540333e+02 4.474000e-06 5.727861e-06 1.074238e-03
99400 -4.749299e+01 4.541924e+02 4.418777e-06 5.689455e-06 1.074712e-03
99500 -4.753870e+01 4.542307e+02 3.881367e-06 6.094367e-06 1.074936e-03
99600 -4.777322e+01 4.544356e+02 4.582051e-06 5.108533e-06 1.075710e-03
99700 -4.758295e+01 4.542684e+02 4.791296e-06 3.717819e-06 1.076492e-03
99800 -4.706867e+01 4.538177e+02 4.962081e-06 4.075518e-06 1.074887e-03
99900 -4.618695e+01 4.530450e+02 4.241758e-06 4.133530e-06 1.073704e-03
